 1 20 179
 20 178 179
 20 21 178
 179 178 91
 21 180 178
 180 181 178
 180 90 181
 178 181 91
 21 22 180
 22 182 180
 22 23 182
 180 182 90
 91 181 184
 181 183 184
 181 90 183
 184 183 71
 23 185 182
 185 186 182
 185 92 186
 182 186 90
 92 187 186
 187 188 186
 187 93 188
 186 188 90
 92 189 187
 189 190 187
 189 70 190
 187 190 93
 90 188 183
 188 191 183
 188 93 191
 183 191 71
 23 24 185
 24 192 185
 24 25 192
 185 192 92
 25 193 192
 193 194 192
 193 94 194
 192 194 92
 25 26 193
 26 195 193
 26 27 195
 193 195 94
 92 194 189
 194 196 189
 194 94 196
 189 196 70
 71 191 198
 191 197 198
 191 93 197
 198 197 96
 93 199 197
 199 200 197
 199 95 200
 197 200 96
 93 190 199
 190 201 199
 190 70 201
 199 201 95
 96 200 203
 200 202 203
 200 95 202
 203 202 67
 27 204 195
 204 205 195
 204 97 205
 195 205 94
 97 206 205
 206 207 205
 206 98 207
 205 207 94
 97 208 206
 208 209 206
 208 72 209
 206 209 98
 94 207 196
 207 210 196
 207 98 210
 196 210 70
 72 211 209
 211 212 209
 211 99 212
 209 212 98
 99 213 212
 213 214 212
 213 100 214
 212 214 98
 99 215 213
 215 216 213
 215 73 216
 213 216 100
 98 214 210
 214 217 210
 214 100 217
 210 217 70
 72 218 211
 218 219 211
 218 101 219
 211 219 99
 101 220 219
 220 221 219
 220 102 221
 219 221 99
 101 222 220
 222 223 220
 222 66 223
 220 223 102
 99 221 215
 221 224 215
 221 102 224
 215 224 73
 70 217 201
 217 225 201
 217 100 225
 201 225 95
 100 226 225
 226 227 225
 226 103 227
 225 227 95
 100 216 226
 216 228 226
 216 73 228
 226 228 103
 95 227 202
 227 229 202
 227 103 229
 202 229 67
 27 28 204
 28 230 204
 28 29 230
 204 230 97
 29 231 230
 231 232 230
 231 104 232
 230 232 97
 29 30 231
 30 233 231
 30 31 233
 231 233 104
 97 232 208
 232 234 208
 232 104 234
 208 234 72
 31 235 233
 235 236 233
 235 105 236
 233 236 104
 105 237 236
 237 238 236
 237 106 238
 236 238 104
 105 239 237
 239 240 237
 239 74 240
 237 240 106
 104 238 234
 238 241 234
 238 106 241
 234 241 72
 31 32 235
 32 242 235
 32 33 242
 235 242 105
 33 243 242
 243 244 242
 243 107 244
 242 244 105
 33 34 243
 34 245 243
 34 2 245
 243 245 107
 105 244 239
 244 246 239
 244 107 246
 239 246 74
 72 241 218
 241 247 218
 241 106 247
 218 247 101
 106 248 247
 248 249 247
 248 108 249
 247 249 101
 106 240 248
 240 250 248
 240 74 250
 248 250 108
 101 249 222
 249 251 222
 249 108 251
 222 251 66
 67 229 253
 229 252 253
 229 103 252
 253 252 110
 103 254 252
 254 255 252
 254 109 255
 252 255 110
 103 228 254
 228 256 254
 228 73 256
 254 256 109
 110 255 258
 255 257 258
 255 109 257
 258 257 76
 73 259 256
 259 260 256
 259 111 260
 256 260 109
 111 261 260
 261 262 260
 261 112 262
 260 262 109
 111 263 261
 263 264 261
 263 75 264
 261 264 112
 109 262 257
 262 265 257
 262 112 265
 257 265 76
 73 224 259
 224 266 259
 224 102 266
 259 266 111
 102 267 266
 267 268 266
 267 113 268
 266 268 111
 102 223 267
 223 269 267
 223 66 269
 267 269 113
 111 268 263
 268 270 263
 268 113 270
 263 270 75
 76 265 272
 265 271 272
 265 112 271
 272 271 115
 112 273 271
 273 274 271
 273 114 274
 271 274 115
 112 264 273
 264 275 273
 264 75 275
 273 275 114
 115 274 277
 274 276 277
 274 114 276
 277 276 65
 1 179 19
 179 278 19
 179 91 278
 19 278 18
 91 279 278
 279 280 278
 279 116 280
 278 280 18
 91 184 279
 184 281 279
 184 71 281
 279 281 116
 18 280 17
 280 282 17
 280 116 282
 17 282 16
 71 283 281
 283 284 281
 283 117 284
 281 284 116
 117 285 284
 285 286 284
 285 118 286
 284 286 116
 117 287 285
 287 288 285
 287 77 288
 285 288 118
 116 286 282
 286 289 282
 286 118 289
 282 289 16
 71 198 283
 198 290 283
 198 96 290
 283 290 117
 96 291 290
 291 292 290
 291 119 292
 290 292 117
 96 203 291
 203 293 291
 203 67 293
 291 293 119
 117 292 287
 292 294 287
 292 119 294
 287 294 77
 16 289 15
 289 295 15
 289 118 295
 15 295 14
 118 296 295
 296 297 295
 296 120 297
 295 297 14
 118 288 296
 288 298 296
 288 77 298
 296 298 120
 14 297 13
 297 299 13
 297 120 299
 13 299 12
 67 300 293
 300 301 293
 300 121 301
 293 301 119
 121 302 301
 302 303 301
 302 122 303
 301 303 119
 121 304 302
 304 305 302
 304 78 305
 302 305 122
 119 303 294
 303 306 294
 303 122 306
 294 306 77
 78 307 305
 307 308 305
 307 123 308
 305 308 122
 123 309 308
 309 310 308
 309 124 310
 308 310 122
 123 311 309
 311 312 309
 311 79 312
 309 312 124
 122 310 306
 310 313 306
 310 124 313
 306 313 77
 78 314 307
 314 315 307
 314 125 315
 307 315 123
 125 316 315
 316 317 315
 316 126 317
 315 317 123
 125 318 316
 318 319 316
 318 68 319
 316 319 126
 123 317 311
 317 320 311
 317 126 320
 311 320 79
 77 313 298
 313 321 298
 313 124 321
 298 321 120
 124 322 321
 322 323 321
 322 127 323
 321 323 120
 124 312 322
 312 324 322
 312 79 324
 322 324 127
 120 323 299
 323 325 299
 323 127 325
 299 325 12
 67 253 300
 253 326 300
 253 110 326
 300 326 121
 110 327 326
 327 328 326
 327 128 328
 326 328 121
 110 258 327
 258 329 327
 258 76 329
 327 329 128
 121 328 304
 328 330 304
 328 128 330
 304 330 78
 76 331 329
 331 332 329
 331 129 332
 329 332 128
 129 333 332
 333 334 332
 333 130 334
 332 334 128
 129 335 333
 335 336 333
 335 80 336
 333 336 130
 128 334 330
 334 337 330
 334 130 337
 330 337 78
 76 272 331
 272 338 331
 272 115 338
 331 338 129
 115 339 338
 339 340 338
 339 131 340
 338 340 129
 115 277 339
 277 341 339
 277 65 341
 339 341 131
 129 340 335
 340 342 335
 340 131 342
 335 342 80
 78 337 314
 337 343 314
 337 130 343
 314 343 125
 130 344 343
 344 345 343
 344 132 345
 343 345 125
 130 336 344
 336 346 344
 336 80 346
 344 346 132
 125 345 318
 345 347 318
 345 132 347
 318 347 68
 12 325 11
 325 348 11
 325 127 348
 11 348 10
 127 349 348
 349 350 348
 349 133 350
 348 350 10
 127 324 349
 324 351 349
 324 79 351
 349 351 133
 10 350 9
 350 352 9
 350 133 352
 9 352 8
 79 353 351
 353 354 351
 353 134 354
 351 354 133
 134 355 354
 355 356 354
 355 135 356
 354 356 133
 134 357 355
 357 358 355
 357 81 358
 355 358 135
 133 356 352
 356 359 352
 356 135 359
 352 359 8
 79 320 353
 320 360 353
 320 126 360
 353 360 134
 126 361 360
 361 362 360
 361 136 362
 360 362 134
 126 319 361
 319 363 361
 319 68 363
 361 363 136
 134 362 357
 362 364 357
 362 136 364
 357 364 81
 8 359 7
 359 365 7
 359 135 365
 7 365 6
 135 366 365
 366 367 365
 366 137 367
 365 367 6
 135 358 366
 358 368 366
 358 81 368
 366 368 137
 6 367 5
 367 369 5
 367 137 369
 5 369 4
 2 35 245
 35 370 245
 35 36 370
 245 370 107
 36 371 370
 371 372 370
 371 138 372
 370 372 107
 36 37 371
 37 373 371
 37 38 373
 371 373 138
 107 372 246
 372 374 246
 372 138 374
 246 374 74
 38 375 373
 375 376 373
 375 139 376
 373 376 138
 139 377 376
 377 378 376
 377 140 378
 376 378 138
 139 379 377
 379 380 377
 379 82 380
 377 380 140
 138 378 374
 378 381 374
 378 140 381
 374 381 74
 38 39 375
 39 382 375
 39 40 382
 375 382 139
 40 383 382
 383 384 382
 383 141 384
 382 384 139
 40 41 383
 41 385 383
 41 42 385
 383 385 141
 139 384 379
 384 386 379
 384 141 386
 379 386 82
 74 381 250
 381 387 250
 381 140 387
 250 387 108
 140 388 387
 388 389 387
 388 142 389
 387 389 108
 140 380 388
 380 390 388
 380 82 390
 388 390 142
 108 389 251
 389 391 251
 389 142 391
 251 391 66
 42 392 385
 392 393 385
 392 143 393
 385 393 141
 143 394 393
 394 395 393
 394 144 395
 393 395 141
 143 396 394
 396 397 394
 396 83 397
 394 397 144
 141 395 386
 395 398 386
 395 144 398
 386 398 82
 83 399 397
 399 400 397
 399 145 400
 397 400 144
 145 401 400
 401 402 400
 401 146 402
 400 402 144
 145 403 401
 403 404 401
 403 84 404
 401 404 146
 144 402 398
 402 405 398
 402 146 405
 398 405 82
 83 406 399
 406 407 399
 406 147 407
 399 407 145
 147 408 407
 408 409 407
 408 148 409
 407 409 145
 147 410 408
 410 411 408
 410 69 411
 408 411 148
 145 409 403
 409 412 403
 409 148 412
 403 412 84
 82 405 390
 405 413 390
 405 146 413
 390 413 142
 146 414 413
 414 415 413
 414 149 415
 413 415 142
 146 404 414
 404 416 414
 404 84 416
 414 416 149
 142 415 391
 415 417 391
 415 149 417
 391 417 66
 42 43 392
 43 418 392
 43 44 418
 392 418 143
 44 419 418
 419 420 418
 419 150 420
 418 420 143
 44 45 419
 45 421 419
 45 46 421
 419 421 150
 143 420 396
 420 422 396
 420 150 422
 396 422 83
 46 423 421
 423 424 421
 423 151 424
 421 424 150
 151 425 424
 425 426 424
 425 152 426
 424 426 150
 151 427 425
 427 428 425
 427 85 428
 425 428 152
 150 426 422
 426 429 422
 426 152 429
 422 429 83
 46 47 423
 47 430 423
 47 48 430
 423 430 151
 48 431 430
 431 432 430
 431 153 432
 430 432 151
 48 49 431
 49 433 431
 49 3 433
 431 433 153
 151 432 427
 432 434 427
 432 153 434
 427 434 85
 83 429 406
 429 435 406
 429 152 435
 406 435 147
 152 436 435
 436 437 435
 436 154 437
 435 437 147
 152 428 436
 428 438 436
 428 85 438
 436 438 154
 147 437 410
 437 439 410
 437 154 439
 410 439 69
 66 417 269
 417 440 269
 417 149 440
 269 440 113
 149 441 440
 441 442 440
 441 155 442
 440 442 113
 149 416 441
 416 443 441
 416 84 443
 441 443 155
 113 442 270
 442 444 270
 442 155 444
 270 444 75
 84 445 443
 445 446 443
 445 156 446
 443 446 155
 156 447 446
 447 448 446
 447 157 448
 446 448 155
 156 449 447
 449 450 447
 449 86 450
 447 450 157
 155 448 444
 448 451 444
 448 157 451
 444 451 75
 84 412 445
 412 452 445
 412 148 452
 445 452 156
 148 453 452
 453 454 452
 453 158 454
 452 454 156
 148 411 453
 411 455 453
 411 69 455
 453 455 158
 156 454 449
 454 456 449
 454 158 456
 449 456 86
 75 451 275
 451 457 275
 451 157 457
 275 457 114
 157 458 457
 458 459 457
 458 159 459
 457 459 114
 157 450 458
 450 460 458
 450 86 460
 458 460 159
 114 459 276
 459 461 276
 459 159 461
 276 461 65
 3 50 433
 50 462 433
 50 51 462
 433 462 153
 51 463 462
 463 464 462
 463 160 464
 462 464 153
 51 52 463
 52 465 463
 52 53 465
 463 465 160
 153 464 434
 464 466 434
 464 160 466
 434 466 85
 53 467 465
 467 468 465
 467 161 468
 465 468 160
 161 469 468
 469 470 468
 469 162 470
 468 470 160
 161 471 469
 471 472 469
 471 87 472
 469 472 162
 160 470 466
 470 473 466
 470 162 473
 466 473 85
 53 54 467
 54 474 467
 54 55 474
 467 474 161
 55 475 474
 475 476 474
 475 163 476
 474 476 161
 55 56 475
 56 477 475
 56 57 477
 475 477 163
 161 476 471
 476 478 471
 476 163 478
 471 478 87
 85 473 438
 473 479 438
 473 162 479
 438 479 154
 162 480 479
 480 481 479
 480 164 481
 479 481 154
 162 472 480
 472 482 480
 472 87 482
 480 482 164
 154 481 439
 481 483 439
 481 164 483
 439 483 69
 57 484 477
 484 485 477
 484 165 485
 477 485 163
 165 486 485
 486 487 485
 486 166 487
 485 487 163
 165 488 486
 488 489 486
 488 88 489
 486 489 166
 163 487 478
 487 490 478
 487 166 490
 478 490 87
 88 491 489
 491 492 489
 491 167 492
 489 492 166
 167 493 492
 493 494 492
 493 168 494
 492 494 166
 167 495 493
 495 496 493
 495 89 496
 493 496 168
 166 494 490
 494 497 490
 494 168 497
 490 497 87
 88 498 491
 498 499 491
 498 169 499
 491 499 167
 169 500 499
 500 501 499
 500 170 501
 499 501 167
 169 502 500
 502 503 500
 502 68 503
 500 503 170
 167 501 495
 501 504 495
 501 170 504
 495 504 89
 87 497 482
 497 505 482
 497 168 505
 482 505 164
 168 506 505
 506 507 505
 506 171 507
 505 507 164
 168 496 506
 496 508 506
 496 89 508
 506 508 171
 164 507 483
 507 509 483
 507 171 509
 483 509 69
 57 58 484
 58 510 484
 58 59 510
 484 510 165
 59 511 510
 511 512 510
 511 172 512
 510 512 165
 59 60 511
 60 513 511
 60 61 513
 511 513 172
 165 512 488
 512 514 488
 512 172 514
 488 514 88
 61 515 513
 515 516 513
 515 173 516
 513 516 172
 173 517 516
 517 518 516
 517 174 518
 516 518 172
 173 519 517
 519 520 517
 519 81 520
 517 520 174
 172 518 514
 518 521 514
 518 174 521
 514 521 88
 61 62 515
 62 522 515
 62 63 522
 515 522 173
 63 523 522
 523 524 522
 523 137 524
 522 524 173
 63 64 523
 64 369 523
 64 4 369
 523 369 137
 173 524 519
 524 368 519
 524 137 368
 519 368 81
 88 521 498
 521 525 498
 521 174 525
 498 525 169
 174 526 525
 526 527 525
 526 136 527
 525 527 169
 174 520 526
 520 364 526
 520 81 364
 526 364 136
 169 527 502
 527 363 502
 527 136 363
 502 363 68
 69 509 455
 509 528 455
 509 171 528
 455 528 158
 171 529 528
 529 530 528
 529 175 530
 528 530 158
 171 508 529
 508 531 529
 508 89 531
 529 531 175
 158 530 456
 530 532 456
 530 175 532
 456 532 86
 89 533 531
 533 534 531
 533 176 534
 531 534 175
 176 535 534
 535 536 534
 535 177 536
 534 536 175
 176 537 535
 537 538 535
 537 80 538
 535 538 177
 175 536 532
 536 539 532
 536 177 539
 532 539 86
 89 504 533
 504 540 533
 504 170 540
 533 540 176
 170 541 540
 541 542 540
 541 132 542
 540 542 176
 170 503 541
 503 347 541
 503 68 347
 541 347 132
 176 542 537
 542 346 537
 542 132 346
 537 346 80
 86 539 460
 539 543 460
 539 177 543
 460 543 159
 177 544 543
 544 545 543
 544 131 545
 543 545 159
 177 538 544
 538 342 544
 538 80 342
 544 342 131
 159 545 461
 545 341 461
 545 131 341
 461 341 65
