 0.00000000e+00 0.00000000e+00
 1.00000000e+00 0.00000000e+00
 1.00000000e+00 1.00000000e+00
 0.00000000e+00 1.00000000e+00
 0.00000000e+00 9.37500000e-01
 0.00000000e+00 8.75000000e-01
 0.00000000e+00 8.12500000e-01
 0.00000000e+00 7.50000000e-01
 0.00000000e+00 6.87500000e-01
 0.00000000e+00 6.25000000e-01
 0.00000000e+00 5.62500000e-01
 0.00000000e+00 5.00000000e-01
 0.00000000e+00 4.37500000e-01
 0.00000000e+00 3.75000000e-01
 0.00000000e+00 3.12500000e-01
 0.00000000e+00 2.50000000e-01
 0.00000000e+00 1.87500000e-01
 0.00000000e+00 1.25000000e-01
 0.00000000e+00 6.25000000e-02
 6.25000000e-02 0.00000000e+00
 1.25000000e-01 0.00000000e+00
 1.87500000e-01 0.00000000e+00
 2.50000000e-01 0.00000000e+00
 3.12500000e-01 0.00000000e+00
 3.75000000e-01 0.00000000e+00
 4.37500000e-01 0.00000000e+00
 5.00000000e-01 0.00000000e+00
 5.62500000e-01 0.00000000e+00
 6.25000000e-01 0.00000000e+00
 6.87500000e-01 0.00000000e+00
 7.50000000e-01 0.00000000e+00
 8.12500000e-01 0.00000000e+00
 8.75000000e-01 0.00000000e+00
 9.37500000e-01 0.00000000e+00
 1.00000000e+00 6.25000000e-02
 1.00000000e+00 1.25000000e-01
 1.00000000e+00 1.87500000e-01
 1.00000000e+00 2.50000000e-01
 1.00000000e+00 3.12500000e-01
 1.00000000e+00 3.75000000e-01
 1.00000000e+00 4.37500000e-01
 1.00000000e+00 5.00000000e-01
 1.00000000e+00 5.62500000e-01
 1.00000000e+00 6.25000000e-01
 1.00000000e+00 6.87500000e-01
 1.00000000e+00 7.50000000e-01
 1.00000000e+00 8.12500000e-01
 1.00000000e+00 8.75000000e-01
 1.00000000e+00 9.37500000e-01
 9.37500000e-01 1.00000000e+00
 8.75000000e-01 1.00000000e+00
 8.12500000e-01 1.00000000e+00
 7.50000000e-01 1.00000000e+00
 6.87500000e-01 1.00000000e+00
 6.25000000e-01 1.00000000e+00
 5.62500000e-01 1.00000000e+00
 5.00000000e-01 1.00000000e+00
 4.37500000e-01 1.00000000e+00
 3.75000000e-01 1.00000000e+00
 3.12500000e-01 1.00000000e+00
 2.50000000e-01 1.00000000e+00
 1.87500000e-01 1.00000000e+00
 1.25000000e-01 1.00000000e+00
 6.25000000e-02 1.00000000e+00
 5.00000000e-01 5.00000000e-01
 7.50000000e-01 2.50000000e-01
 2.50000000e-01 2.50000000e-01
 2.50000000e-01 7.50000000e-01
 7.50000000e-01 7.50000000e-01
 3.75000000e-01 1.25000000e-01
 1.25000000e-01 1.25000000e-01
 6.25000000e-01 1.25000000e-01
 5.00000000e-01 2.50000000e-01
 8.75000000e-01 1.25000000e-01
 6.25000000e-01 3.75000000e-01
 3.75000000e-01 3.75000000e-01
 1.25000000e-01 3.75000000e-01
 2.50000000e-01 5.00000000e-01
 1.25000000e-01 6.25000000e-01
 3.75000000e-01 6.25000000e-01
 1.25000000e-01 8.75000000e-01
 8.75000000e-01 3.75000000e-01
 8.75000000e-01 6.25000000e-01
 7.50000000e-01 5.00000000e-01
 8.75000000e-01 8.75000000e-01
 6.25000000e-01 6.25000000e-01
 6.25000000e-01 8.75000000e-01
 3.75000000e-01 8.75000000e-01
 5.00000000e-01 7.50000000e-01
 1.87500000e-01 6.25000000e-02
 6.25000000e-02 6.25000000e-02
 3.12500000e-01 6.25000000e-02
 2.50000000e-01 1.25000000e-01
 4.37500000e-01 6.25000000e-02
 3.12500000e-01 1.87500000e-01
 1.87500000e-01 1.87500000e-01
 5.62500000e-01 6.25000000e-02
 5.00000000e-01 1.25000000e-01
 5.62500000e-01 1.87500000e-01
 4.37500000e-01 1.87500000e-01
 6.87500000e-01 1.87500000e-01
 6.25000000e-01 2.50000000e-01
 3.75000000e-01 2.50000000e-01
 6.87500000e-01 6.25000000e-02
 8.12500000e-01 6.25000000e-02
 7.50000000e-01 1.25000000e-01
 9.37500000e-01 6.25000000e-02
 8.12500000e-01 1.87500000e-01
 4.37500000e-01 3.12500000e-01
 3.12500000e-01 3.12500000e-01
 5.62500000e-01 3.12500000e-01
 5.00000000e-01 3.75000000e-01
 6.87500000e-01 3.12500000e-01
 5.62500000e-01 4.37500000e-01
 4.37500000e-01 4.37500000e-01
 6.25000000e-02 1.87500000e-01
 1.25000000e-01 2.50000000e-01
 6.25000000e-02 3.12500000e-01
 1.87500000e-01 3.12500000e-01
 6.25000000e-02 4.37500000e-01
 2.50000000e-01 3.75000000e-01
 1.87500000e-01 4.37500000e-01
 1.87500000e-01 5.62500000e-01
 1.25000000e-01 5.00000000e-01
 2.50000000e-01 6.25000000e-01
 1.87500000e-01 6.87500000e-01
 6.25000000e-02 5.62500000e-01
 3.12500000e-01 4.37500000e-01
 3.75000000e-01 5.00000000e-01
 3.12500000e-01 5.62500000e-01
 4.37500000e-01 5.62500000e-01
 3.12500000e-01 6.87500000e-01
 6.25000000e-02 6.87500000e-01
 1.25000000e-01 7.50000000e-01
 6.25000000e-02 8.12500000e-01
 1.87500000e-01 8.12500000e-01
 6.25000000e-02 9.37500000e-01
 9.37500000e-01 1.87500000e-01
 9.37500000e-01 3.12500000e-01
 8.75000000e-01 2.50000000e-01
 9.37500000e-01 4.37500000e-01
 8.12500000e-01 3.12500000e-01
 9.37500000e-01 5.62500000e-01
 8.75000000e-01 5.00000000e-01
 8.12500000e-01 5.62500000e-01
 8.12500000e-01 4.37500000e-01
 8.12500000e-01 6.87500000e-01
 7.50000000e-01 6.25000000e-01
 7.50000000e-01 3.75000000e-01
 9.37500000e-01 6.87500000e-01
 9.37500000e-01 8.12500000e-01
 8.75000000e-01 7.50000000e-01
 9.37500000e-01 9.37500000e-01
 8.12500000e-01 8.12500000e-01
 6.87500000e-01 4.37500000e-01
 6.87500000e-01 5.62500000e-01
 6.25000000e-01 5.00000000e-01
 6.87500000e-01 6.87500000e-01
 5.62500000e-01 5.62500000e-01
 8.12500000e-01 9.37500000e-01
 6.87500000e-01 9.37500000e-01
 7.50000000e-01 8.75000000e-01
 5.62500000e-01 9.37500000e-01
 6.87500000e-01 8.12500000e-01
 4.37500000e-01 9.37500000e-01
 5.00000000e-01 8.75000000e-01
 4.37500000e-01 8.12500000e-01
 5.62500000e-01 8.12500000e-01
 3.12500000e-01 8.12500000e-01
 3.75000000e-01 7.50000000e-01
 6.25000000e-01 7.50000000e-01
 3.12500000e-01 9.37500000e-01
 1.87500000e-01 9.37500000e-01
 2.50000000e-01 8.75000000e-01
 5.62500000e-01 6.87500000e-01
 4.37500000e-01 6.87500000e-01
 5.00000000e-01 6.25000000e-01
 9.37500000e-02 3.12500000e-02
 3.12500000e-02 3.12500000e-02
 1.56250000e-01 3.12500000e-02
 1.25000000e-01 6.25000000e-02
 2.18750000e-01 3.12500000e-02
 1.56250000e-01 9.37500000e-02
 9.37500000e-02 9.37500000e-02
 2.81250000e-01 3.12500000e-02
 2.50000000e-01 6.25000000e-02
 2.81250000e-01 9.37500000e-02
 2.18750000e-01 9.37500000e-02
 3.43750000e-01 9.37500000e-02
 3.12500000e-01 1.25000000e-01
 1.87500000e-01 1.25000000e-01
 3.43750000e-01 3.12500000e-02
 4.06250000e-01 3.12500000e-02
 3.75000000e-01 6.25000000e-02
 4.68750000e-01 3.12500000e-02
 4.06250000e-01 9.37500000e-02
 2.18750000e-01 1.56250000e-01
 1.56250000e-01 1.56250000e-01
 2.81250000e-01 1.56250000e-01
 2.50000000e-01 1.87500000e-01
 3.43750000e-01 1.56250000e-01
 2.81250000e-01 2.18750000e-01
 2.18750000e-01 2.18750000e-01
 5.31250000e-01 3.12500000e-02
 5.00000000e-01 6.25000000e-02
 5.31250000e-01 9.37500000e-02
 4.68750000e-01 9.37500000e-02
 5.93750000e-01 9.37500000e-02
 5.62500000e-01 1.25000000e-01
 4.37500000e-01 1.25000000e-01
 5.93750000e-01 1.56250000e-01
 5.31250000e-01 1.56250000e-01
 5.00000000e-01 1.87500000e-01
 4.68750000e-01 1.56250000e-01
 5.31250000e-01 2.18750000e-01
 4.68750000e-01 2.18750000e-01
 4.06250000e-01 1.56250000e-01
 6.56250000e-01 1.56250000e-01
 6.25000000e-01 1.87500000e-01
 6.56250000e-01 2.18750000e-01
 5.93750000e-01 2.18750000e-01
 7.18750000e-01 2.18750000e-01
 6.87500000e-01 2.50000000e-01
 5.62500000e-01 2.50000000e-01
 3.75000000e-01 1.87500000e-01
 4.06250000e-01 2.18750000e-01
 3.43750000e-01 2.18750000e-01
 4.37500000e-01 2.50000000e-01
 3.12500000e-01 2.50000000e-01
 5.93750000e-01 3.12500000e-02
 6.56250000e-01 3.12500000e-02
 6.25000000e-01 6.25000000e-02
 7.18750000e-01 3.12500000e-02
 6.56250000e-01 9.37500000e-02
 7.81250000e-01 3.12500000e-02
 7.50000000e-01 6.25000000e-02
 7.81250000e-01 9.37500000e-02
 7.18750000e-01 9.37500000e-02
 8.43750000e-01 9.37500000e-02
 8.12500000e-01 1.25000000e-01
 6.87500000e-01 1.25000000e-01
 8.43750000e-01 3.12500000e-02
 9.06250000e-01 3.12500000e-02
 8.75000000e-01 6.25000000e-02
 9.68750000e-01 3.12500000e-02
 9.06250000e-01 9.37500000e-02
 7.18750000e-01 1.56250000e-01
 7.81250000e-01 1.56250000e-01
 7.50000000e-01 1.87500000e-01
 8.43750000e-01 1.56250000e-01
 7.81250000e-01 2.18750000e-01
 3.43750000e-01 2.81250000e-01
 2.81250000e-01 2.81250000e-01
 4.06250000e-01 2.81250000e-01
 3.75000000e-01 3.12500000e-01
 4.68750000e-01 2.81250000e-01
 4.06250000e-01 3.43750000e-01
 3.43750000e-01 3.43750000e-01
 5.31250000e-01 2.81250000e-01
 5.00000000e-01 3.12500000e-01
 5.31250000e-01 3.43750000e-01
 4.68750000e-01 3.43750000e-01
 5.93750000e-01 3.43750000e-01
 5.62500000e-01 3.75000000e-01
 4.37500000e-01 3.75000000e-01
 5.93750000e-01 2.81250000e-01
 6.56250000e-01 2.81250000e-01
 6.25000000e-01 3.12500000e-01
 7.18750000e-01 2.81250000e-01
 6.56250000e-01 3.43750000e-01
 4.68750000e-01 4.06250000e-01
 4.06250000e-01 4.06250000e-01
 5.31250000e-01 4.06250000e-01
 5.00000000e-01 4.37500000e-01
 5.93750000e-01 4.06250000e-01
 5.31250000e-01 4.68750000e-01
 4.68750000e-01 4.68750000e-01
 3.12500000e-02 9.37500000e-02
 6.25000000e-02 1.25000000e-01
 3.12500000e-02 1.56250000e-01
 9.37500000e-02 1.56250000e-01
 3.12500000e-02 2.18750000e-01
 1.25000000e-01 1.87500000e-01
 9.37500000e-02 2.18750000e-01
 9.37500000e-02 2.81250000e-01
 6.25000000e-02 2.50000000e-01
 1.25000000e-01 3.12500000e-01
 9.37500000e-02 3.43750000e-01
 3.12500000e-02 2.81250000e-01
 1.56250000e-01 2.18750000e-01
 1.87500000e-01 2.50000000e-01
 1.56250000e-01 2.81250000e-01
 2.18750000e-01 2.81250000e-01
 1.56250000e-01 3.43750000e-01
 3.12500000e-02 3.43750000e-01
 6.25000000e-02 3.75000000e-01
 3.12500000e-02 4.06250000e-01
 9.37500000e-02 4.06250000e-01
 3.12500000e-02 4.68750000e-01
 2.50000000e-01 3.12500000e-01
 2.18750000e-01 3.43750000e-01
 2.18750000e-01 4.06250000e-01
 1.87500000e-01 3.75000000e-01
 2.50000000e-01 4.37500000e-01
 2.18750000e-01 4.68750000e-01
 1.56250000e-01 4.06250000e-01
 2.18750000e-01 5.31250000e-01
 1.87500000e-01 5.00000000e-01
 1.56250000e-01 5.31250000e-01
 1.56250000e-01 4.68750000e-01
 1.56250000e-01 5.93750000e-01
 1.25000000e-01 5.62500000e-01
 1.25000000e-01 4.37500000e-01
 2.50000000e-01 5.62500000e-01
 2.18750000e-01 5.93750000e-01
 2.18750000e-01 6.56250000e-01
 1.87500000e-01 6.25000000e-01
 2.50000000e-01 6.87500000e-01
 2.18750000e-01 7.18750000e-01
 1.56250000e-01 6.56250000e-01
 9.37500000e-02 4.68750000e-01
 9.37500000e-02 5.31250000e-01
 6.25000000e-02 5.00000000e-01
 9.37500000e-02 5.93750000e-01
 3.12500000e-02 5.31250000e-01
 2.81250000e-01 3.43750000e-01
 3.12500000e-01 3.75000000e-01
 2.81250000e-01 4.06250000e-01
 3.43750000e-01 4.06250000e-01
 2.81250000e-01 4.68750000e-01
 3.75000000e-01 4.37500000e-01
 3.43750000e-01 4.68750000e-01
 3.43750000e-01 5.31250000e-01
 3.12500000e-01 5.00000000e-01
 3.75000000e-01 5.62500000e-01
 3.43750000e-01 5.93750000e-01
 2.81250000e-01 5.31250000e-01
 4.06250000e-01 4.68750000e-01
 4.37500000e-01 5.00000000e-01
 4.06250000e-01 5.31250000e-01
 4.68750000e-01 5.31250000e-01
 4.06250000e-01 5.93750000e-01
 2.81250000e-01 5.93750000e-01
 3.12500000e-01 6.25000000e-01
 2.81250000e-01 6.56250000e-01
 3.43750000e-01 6.56250000e-01
 2.81250000e-01 7.18750000e-01
 3.12500000e-02 5.93750000e-01
 6.25000000e-02 6.25000000e-01
 3.12500000e-02 6.56250000e-01
 9.37500000e-02 6.56250000e-01
 3.12500000e-02 7.18750000e-01
 1.25000000e-01 6.87500000e-01
 9.37500000e-02 7.18750000e-01
 9.37500000e-02 7.81250000e-01
 6.25000000e-02 7.50000000e-01
 1.25000000e-01 8.12500000e-01
 9.37500000e-02 8.43750000e-01
 3.12500000e-02 7.81250000e-01
 1.56250000e-01 7.18750000e-01
 1.87500000e-01 7.50000000e-01
 1.56250000e-01 7.81250000e-01
 2.18750000e-01 7.81250000e-01
 1.56250000e-01 8.43750000e-01
 3.12500000e-02 8.43750000e-01
 6.25000000e-02 8.75000000e-01
 3.12500000e-02 9.06250000e-01
 9.37500000e-02 9.06250000e-01
 3.12500000e-02 9.68750000e-01
 9.68750000e-01 9.37500000e-02
 9.68750000e-01 1.56250000e-01
 9.37500000e-01 1.25000000e-01
 9.68750000e-01 2.18750000e-01
 9.06250000e-01 1.56250000e-01
 9.68750000e-01 2.81250000e-01
 9.37500000e-01 2.50000000e-01
 9.06250000e-01 2.81250000e-01
 9.06250000e-01 2.18750000e-01
 9.06250000e-01 3.43750000e-01
 8.75000000e-01 3.12500000e-01
 8.75000000e-01 1.87500000e-01
 9.68750000e-01 3.43750000e-01
 9.68750000e-01 4.06250000e-01
 9.37500000e-01 3.75000000e-01
 9.68750000e-01 4.68750000e-01
 9.06250000e-01 4.06250000e-01
 8.43750000e-01 2.18750000e-01
 8.43750000e-01 2.81250000e-01
 8.12500000e-01 2.50000000e-01
 8.43750000e-01 3.43750000e-01
 7.81250000e-01 2.81250000e-01
 9.68750000e-01 5.31250000e-01
 9.37500000e-01 5.00000000e-01
 9.06250000e-01 5.31250000e-01
 9.06250000e-01 4.68750000e-01
 9.06250000e-01 5.93750000e-01
 8.75000000e-01 5.62500000e-01
 8.75000000e-01 4.37500000e-01
 8.43750000e-01 5.93750000e-01
 8.43750000e-01 5.31250000e-01
 8.12500000e-01 5.00000000e-01
 8.43750000e-01 4.68750000e-01
 7.81250000e-01 5.31250000e-01
 7.81250000e-01 4.68750000e-01
 8.43750000e-01 4.06250000e-01
 8.43750000e-01 6.56250000e-01
 8.12500000e-01 6.25000000e-01
 7.81250000e-01 6.56250000e-01
 7.81250000e-01 5.93750000e-01
 7.81250000e-01 7.18750000e-01
 7.50000000e-01 6.87500000e-01
 7.50000000e-01 5.62500000e-01
 8.12500000e-01 3.75000000e-01
 7.81250000e-01 4.06250000e-01
 7.81250000e-01 3.43750000e-01
 7.50000000e-01 4.37500000e-01
 7.50000000e-01 3.12500000e-01
 9.68750000e-01 5.93750000e-01
 9.68750000e-01 6.56250000e-01
 9.37500000e-01 6.25000000e-01
 9.68750000e-01 7.18750000e-01
 9.06250000e-01 6.56250000e-01
 9.68750000e-01 7.81250000e-01
 9.37500000e-01 7.50000000e-01
 9.06250000e-01 7.81250000e-01
 9.06250000e-01 7.18750000e-01
 9.06250000e-01 8.43750000e-01
 8.75000000e-01 8.12500000e-01
 8.75000000e-01 6.87500000e-01
 9.68750000e-01 8.43750000e-01
 9.68750000e-01 9.06250000e-01
 9.37500000e-01 8.75000000e-01
 9.68750000e-01 9.68750000e-01
 9.06250000e-01 9.06250000e-01
 8.43750000e-01 7.18750000e-01
 8.43750000e-01 7.81250000e-01
 8.12500000e-01 7.50000000e-01
 8.43750000e-01 8.43750000e-01
 7.81250000e-01 7.81250000e-01
 7.18750000e-01 3.43750000e-01
 7.18750000e-01 4.06250000e-01
 6.87500000e-01 3.75000000e-01
 7.18750000e-01 4.68750000e-01
 6.56250000e-01 4.06250000e-01
 7.18750000e-01 5.31250000e-01
 6.87500000e-01 5.00000000e-01
 6.56250000e-01 5.31250000e-01
 6.56250000e-01 4.68750000e-01
 6.56250000e-01 5.93750000e-01
 6.25000000e-01 5.62500000e-01
 6.25000000e-01 4.37500000e-01
 7.18750000e-01 5.93750000e-01
 7.18750000e-01 6.56250000e-01
 6.87500000e-01 6.25000000e-01
 7.18750000e-01 7.18750000e-01
 6.56250000e-01 6.56250000e-01
 5.93750000e-01 4.68750000e-01
 5.93750000e-01 5.31250000e-01
 5.62500000e-01 5.00000000e-01
 5.93750000e-01 5.93750000e-01
 5.31250000e-01 5.31250000e-01
 9.06250000e-01 9.68750000e-01
 8.43750000e-01 9.68750000e-01
 8.75000000e-01 9.37500000e-01
 7.81250000e-01 9.68750000e-01
 8.43750000e-01 9.06250000e-01
 7.18750000e-01 9.68750000e-01
 7.50000000e-01 9.37500000e-01
 7.18750000e-01 9.06250000e-01
 7.81250000e-01 9.06250000e-01
 6.56250000e-01 9.06250000e-01
 6.87500000e-01 8.75000000e-01
 8.12500000e-01 8.75000000e-01
 6.56250000e-01 9.68750000e-01
 5.93750000e-01 9.68750000e-01
 6.25000000e-01 9.37500000e-01
 5.31250000e-01 9.68750000e-01
 5.93750000e-01 9.06250000e-01
 7.81250000e-01 8.43750000e-01
 7.18750000e-01 8.43750000e-01
 7.50000000e-01 8.12500000e-01
 6.56250000e-01 8.43750000e-01
 7.18750000e-01 7.81250000e-01
 4.68750000e-01 9.68750000e-01
 5.00000000e-01 9.37500000e-01
 4.68750000e-01 9.06250000e-01
 5.31250000e-01 9.06250000e-01
 4.06250000e-01 9.06250000e-01
 4.37500000e-01 8.75000000e-01
 5.62500000e-01 8.75000000e-01
 4.06250000e-01 8.43750000e-01
 4.68750000e-01 8.43750000e-01
 5.00000000e-01 8.12500000e-01
 5.31250000e-01 8.43750000e-01
 4.68750000e-01 7.81250000e-01
 5.31250000e-01 7.81250000e-01
 5.93750000e-01 8.43750000e-01
 3.43750000e-01 8.43750000e-01
 3.75000000e-01 8.12500000e-01
 3.43750000e-01 7.81250000e-01
 4.06250000e-01 7.81250000e-01
 2.81250000e-01 7.81250000e-01
 3.12500000e-01 7.50000000e-01
 4.37500000e-01 7.50000000e-01
 6.25000000e-01 8.12500000e-01
 5.93750000e-01 7.81250000e-01
 6.56250000e-01 7.81250000e-01
 5.62500000e-01 7.50000000e-01
 6.87500000e-01 7.50000000e-01
 4.06250000e-01 9.68750000e-01
 3.43750000e-01 9.68750000e-01
 3.75000000e-01 9.37500000e-01
 2.81250000e-01 9.68750000e-01
 3.43750000e-01 9.06250000e-01
 2.18750000e-01 9.68750000e-01
 2.50000000e-01 9.37500000e-01
 2.18750000e-01 9.06250000e-01
 2.81250000e-01 9.06250000e-01
 1.56250000e-01 9.06250000e-01
 1.87500000e-01 8.75000000e-01
 3.12500000e-01 8.75000000e-01
 1.56250000e-01 9.68750000e-01
 9.37500000e-02 9.68750000e-01
 1.25000000e-01 9.37500000e-01
 2.81250000e-01 8.43750000e-01
 2.18750000e-01 8.43750000e-01
 2.50000000e-01 8.12500000e-01
 6.56250000e-01 7.18750000e-01
 5.93750000e-01 7.18750000e-01
 6.25000000e-01 6.87500000e-01
 5.31250000e-01 7.18750000e-01
 5.93750000e-01 6.56250000e-01
 4.68750000e-01 7.18750000e-01
 5.00000000e-01 6.87500000e-01
 4.68750000e-01 6.56250000e-01
 5.31250000e-01 6.56250000e-01
 4.06250000e-01 6.56250000e-01
 4.37500000e-01 6.25000000e-01
 5.62500000e-01 6.25000000e-01
 4.06250000e-01 7.18750000e-01
 3.43750000e-01 7.18750000e-01
 3.75000000e-01 6.87500000e-01
 5.31250000e-01 5.93750000e-01
 4.68750000e-01 5.93750000e-01
 5.00000000e-01 5.62500000e-01
 1.00000000e+00
 0.00000000e+00
 0.00000000e+00
 1.00000000e+00
 1.00000000e+00
 1.00000000e+00
 1.00000000e+00
 1.00000000e+00
 1.00000000e+00
 1.00000000e+00
 1.00000000e+00
 1.00000000e+00
 1.00000000e+00
 1.00000000e+00
 1.00000000e+00
 1.00000000e+00
 1.00000000e+00
 1.00000000e+00
 1.00000000e+00
 6.78519479e-01
 4.92840750e-01
 4.28981120e-01
 4.06736563e-01
 3.85752826e-01
 3.60750877e-01
 3.33497501e-01
 3.04615863e-01
 2.74317520e-01
 2.42636653e-01
 2.09546449e-01
 1.74885172e-01
 1.38151801e-01
 9.81455219e-02
 5.25029395e-02
 0.00000000e+00
 0.00000000e+00
 0.00000000e+00
 0.00000000e+00
 0.00000000e+00
 0.00000000e+00
 0.00000000e+00
 0.00000000e+00
 0.00000000e+00
 0.00000000e+00
 0.00000000e+00
 0.00000000e+00
 0.00000000e+00
 0.00000000e+00
 0.00000000e+00
 3.16070465e-01
 4.99299555e-01
 5.62550485e-01
 5.85270740e-01
 6.07399186e-01
 6.33463337e-01
 6.61617131e-01
 6.91331758e-01
 7.22433821e-01
 7.54899003e-01
 7.88734051e-01
 8.24054952e-01
 8.61305077e-01
 9.01644377e-01
 9.47444748e-01
 5.01491391e-01
 4.64681123e-01
 5.09703953e-01
 5.39672002e-01
 4.81552539e-01
 4.12855740e-01
 4.73695003e-01
 3.59384218e-01
 5.18485353e-01
 1.97171978e-01
 4.74362494e-01
 5.39829298e-01
 5.26106837e-01
 5.56456414e-01
 5.94573512e-01
 5.30099269e-01
 8.03043473e-01
 4.09343349e-01
 4.70334584e-01
 4.45462792e-01
 5.18342093e-01
 4.62654842e-01
 5.79009328e-01
 6.36502079e-01
 4.83587488e-01
 4.26919658e-01
 6.56113276e-01
 3.91894956e-01
 4.34768802e-01
 3.43945661e-01
 4.77596174e-01
 4.65663876e-01
 2.90480059e-01
 3.91524601e-01
 4.80219203e-01
 4.89260932e-01
 4.47550336e-01
 4.93843710e-01
 5.33762223e-01
 2.30958510e-01
 1.61435802e-01
 3.03693322e-01
 6.47549200e-02
 3.65662841e-01
 5.28085489e-01
 5.49964402e-01
 4.95793361e-01
 5.05053710e-01
 4.74294493e-01
 4.87617467e-01
 5.18653500e-01
 6.59478940e-01
 4.95746836e-01
 6.82771621e-01
 5.11927492e-01
 7.09193658e-01
 5.52183878e-01
 5.36640959e-01
 5.41946782e-01
 5.57176657e-01
 5.44478409e-01
 5.51966637e-01
 7.39728986e-01
 5.53270071e-01
 5.33847125e-01
 5.47941974e-01
 5.15720383e-01
 5.31316016e-01
 7.79703711e-01
 6.60171533e-01
 8.44739291e-01
 6.36389135e-01
 9.35235235e-01
 1.56502594e-01
 2.23056103e-01
 3.43538741e-01
 2.62748430e-01
 4.52959338e-01
 2.91923878e-01
 4.43686532e-01
 4.61147629e-01
 4.60846995e-01
 4.80500147e-01
 4.44986979e-01
 4.60532146e-01
 3.16489238e-01
 3.37616566e-01
 4.97304725e-01
 3.38556122e-01
 5.24832793e-01
 4.56079941e-01
 4.48851729e-01
 4.69447518e-01
 4.47727318e-01
 4.84267072e-01
 5.64160552e-01
 6.01056729e-01
 5.56489210e-01
 6.50570405e-01
 5.13176646e-01
 7.05573961e-01
 6.01889791e-01
 5.18035498e-01
 5.05008194e-01
 5.53125299e-01
 5.10293185e-01
 4.63147549e-01
 7.66816186e-01
 8.37868409e-01
 6.94841177e-01
 4.74777038e-01
 5.08662868e-01
 4.98252689e-01
 5.54175383e-01
 8.21250027e-01
 4.45591275e-01
 4.72092778e-01
 4.16616561e-01
 4.39792561e-01
 5.36166915e-01
 3.97917164e-01
 4.12386408e-01
 4.12797161e-01
 4.27535856e-01
 3.94464764e-01
 4.22802726e-01
 4.39405965e-01
 3.74729767e-01
 3.48647442e-01
 3.68822481e-01
 3.20909888e-01
 3.75725406e-01
 4.51400014e-01
 4.57568502e-01
 4.49911894e-01
 4.70171783e-01
 4.48443604e-01
 4.97325045e-01
 4.84100879e-01
 2.91666566e-01
 3.17923349e-01
 3.35361052e-01
 3.56135297e-01
 3.12632011e-01
 3.77526531e-01
 4.02686422e-01
 4.29642006e-01
 4.40742299e-01
 4.87474436e-01
 4.46518072e-01
 5.07123177e-01
 5.15000021e-01
 4.48503708e-01
 4.11799637e-01
 4.67403716e-01
 4.82249185e-01
 4.96082420e-01
 4.62558868e-01
 4.81966073e-01
 5.05890440e-01
 4.85211546e-01
 5.16905973e-01
 5.10870098e-01
 5.29208282e-01
 5.26257413e-01
 2.61082039e-01
 2.29092516e-01
 2.61585083e-01
 1.95622650e-01
 2.87237180e-01
 1.60286757e-01
 1.98060090e-01
 2.23658173e-01
 2.58228239e-01
 1.79611796e-01
 2.59874941e-01
 3.35492248e-01
 1.22107412e-01
 7.90674065e-02
 1.18270886e-01
 2.81374447e-02
 1.20541183e-01
 3.84812293e-01
 3.44606995e-01
 4.16276165e-01
 2.84004835e-01
 4.28587767e-01
 5.43734136e-01
 5.35404477e-01
 5.37506216e-01
 5.44096730e-01
 5.23718454e-01
 5.33845989e-01
 5.49433910e-01
 5.08588999e-01
 5.11325549e-01
 4.99408947e-01
 5.15692685e-01
 4.84358190e-01
 4.89417950e-01
 5.21819713e-01
 4.95055780e-01
 4.84416095e-01
 4.82873415e-01
 4.75971489e-01
 4.72025045e-01
 5.11664756e-01
 5.28569225e-01
 4.96090132e-01
 5.02989472e-01
 4.80382822e-01
 4.94676804e-01
 5.09880745e-01
 8.15932042e-01
 6.52050959e-01
 8.18619901e-01
 5.37183516e-01
 8.24807388e-01
 4.82204287e-01
 5.47328212e-01
 5.60855417e-01
 6.70583511e-01
 5.10771925e-01
 5.76050779e-01
 8.31571813e-01
 4.74897463e-01
 4.90363189e-01
 4.92856584e-01
 5.13776162e-01
 5.08885776e-01
 8.38415706e-01
 6.95625571e-01
 8.45428322e-01
 5.92408096e-01
 8.52818470e-01
 5.37785691e-01
 5.34963066e-01
 5.46547160e-01
 5.27499213e-01
 5.56985731e-01
 5.50517977e-01
 5.21925816e-01
 5.49421204e-01
 5.40643138e-01
 5.41144247e-01
 5.32190649e-01
 5.51184529e-01
 5.74302758e-01
 5.41495441e-01
 5.51871429e-01
 5.44647436e-01
 5.40455609e-01
 5.43571674e-01
 5.34567036e-01
 5.42753688e-01
 5.65917086e-01
 6.09936207e-01
 6.28753859e-01
 7.23788097e-01
 6.49785989e-01
 8.60873771e-01
 5.52982915e-01
 5.54634178e-01
 5.57835018e-01
 5.46776712e-01
 5.57353679e-01
 5.36063463e-01
 5.43918196e-01
 5.41840654e-01
 5.50885252e-01
 5.32660815e-01
 5.39522688e-01
 5.54392987e-01
 5.25948761e-01
 5.16905038e-01
 5.24560431e-01
 5.08385271e-01
 5.23424209e-01
 5.49156497e-01
 5.42112891e-01
 5.38788768e-01
 5.33158548e-01
 5.29343670e-01
 8.69886925e-01
 7.57891141e-01
 8.80449585e-01
 6.74497367e-01
 8.93484234e-01
 6.21445077e-01
 7.06176455e-01
 7.48868168e-01
 8.07542137e-01
 7.19685738e-01
 8.09950424e-01
 9.10307930e-01
 5.91597764e-01
 5.76273914e-01
 6.37706976e-01
 5.74615148e-01
 7.16929420e-01
 9.32785414e-01
 8.93537891e-01
 9.57574651e-01
 8.79467668e-01
 9.71850421e-01
 4.24946630e-02
 6.76133770e-02
 1.06763766e-01
 9.06362836e-02
 1.90928059e-01
 1.07863470e-01
 1.94711910e-01
 2.97342682e-01
 2.53614532e-01
 3.29255584e-01
 3.82851505e-01
 2.82248899e-01
 1.21059865e-01
 1.31578395e-01
 2.44915624e-01
 1.40398836e-01
 3.53515623e-01
 3.65459334e-01
 4.12909643e-01
 4.27901334e-01
 4.38565604e-01
 4.62220834e-01
 1.48157670e-01
 2.78097632e-01
 3.91063149e-01
 3.73576491e-01
 4.07079902e-01
 4.57183133e-01
 4.28380407e-01
 4.74416595e-01
 4.66864546e-01
 4.59869723e-01
 4.60370317e-01
 4.49402138e-01
 4.52823487e-01
 4.52233652e-01
 4.84916815e-01
 4.67428721e-01
 4.59302686e-01
 4.50654887e-01
 4.77962282e-01
 4.56200224e-01
 4.42847697e-01
 4.60790511e-01
 4.59439354e-01
 4.64685090e-01
 4.51791701e-01
 4.70978553e-01
 1.55171005e-01
 1.61734876e-01
 3.04602365e-01
 1.68047807e-01
 4.21903188e-01
 1.74189732e-01
 3.27640179e-01
 4.48042105e-01
 4.35701566e-01
 4.57169706e-01
 5.10082625e-01
 4.83698886e-01
 1.79630174e-01
 1.81494957e-01
 3.43768725e-01
 1.75647595e-01
 4.57247179e-01
 4.99040348e-01
 5.16020018e-01
 5.00521761e-01
 5.33236881e-01
 5.06433373e-01
 4.66781139e-01
 4.55375749e-01
 4.62926199e-01
 4.48919853e-01
 4.64828232e-01
 4.44576591e-01
 4.52245256e-01
 4.59094145e-01
 4.61781474e-01
 4.55540378e-01
 4.66845048e-01
 4.71111119e-01
 4.42307769e-01
 4.44462310e-01
 4.45942933e-01
 4.58415381e-01
 4.51490068e-01
 4.78784572e-01
 4.77091449e-01
 4.86161362e-01
 4.74306905e-01
 4.93072676e-01
 4.38727876e-01
 5.46012698e-01
 5.19938444e-01
 5.74892239e-01
 5.51351877e-01
 5.94626550e-01
 5.79431855e-01
 5.79340037e-01
 5.63480377e-01
 5.98181561e-01
 5.68819482e-01
 5.51186260e-01
 6.18946239e-01
 6.45961129e-01
 6.24951178e-01
 6.74534185e-01
 6.17475466e-01
 5.39234931e-01
 5.40967068e-01
 5.20353672e-01
 5.42583450e-01
 4.93601711e-01
 7.04582484e-01
 6.77340161e-01
 6.59245683e-01
 6.37674363e-01
 6.82916669e-01
 6.17056749e-01
 5.89805138e-01
 5.66792579e-01
 5.54133585e-01
 5.08966132e-01
 5.46768929e-01
 4.93330720e-01
 4.83432785e-01
 5.43396155e-01
 5.86085008e-01
 5.32231344e-01
 5.20315895e-01
 5.05709613e-01
 5.40408447e-01
 5.22465342e-01
 4.97478008e-01
 5.06939533e-01
 4.78796480e-01
 4.81929523e-01
 4.70758765e-01
 4.67099241e-01
 7.35963962e-01
 7.68736655e-01
 7.35318583e-01
 8.02940692e-01
 7.09380351e-01
 8.38902074e-01
 8.00545695e-01
 7.75090361e-01
 7.39494864e-01
 8.19940741e-01
 7.39701037e-01
 6.61753355e-01
 8.77536687e-01
 9.20831331e-01
 8.81510228e-01
 6.14390560e-01
 6.55679189e-01
 5.85222689e-01
 4.53712424e-01
 4.63326667e-01
 4.56916446e-01
 4.79040898e-01
 4.68870846e-01
 4.95338735e-01
 4.92419904e-01
 5.04442788e-01
 4.87643183e-01
 5.20144238e-01
 5.14392610e-01
 4.81236285e-01
 5.09676637e-01
 5.20837977e-01
 5.22276088e-01
 4.91348805e-01
 5.07207550e-01
 5.00029989e-01
