 0.00000000e+00 0.00000000e+00 0.00000000e+00 0.00000000e+00
 1.00000000e+00 0.00000000e+00 0.00000000e+00 0.00000000e+00
 1.00000000e+00 1.00000000e+00 0.00000000e+00 0.00000000e+00
 0.00000000e+00 1.00000000e+00 0.00000000e+00 0.00000000e+00
 0.00000000e+00 9.37500000e-01 0.00000000e+00 0.00000000e+00
 0.00000000e+00 8.75000000e-01 0.00000000e+00 0.00000000e+00
 0.00000000e+00 8.12500000e-01 0.00000000e+00 0.00000000e+00
 0.00000000e+00 7.50000000e-01 0.00000000e+00 0.00000000e+00
 0.00000000e+00 6.87500000e-01 0.00000000e+00 0.00000000e+00
 0.00000000e+00 6.25000000e-01 0.00000000e+00 0.00000000e+00
 0.00000000e+00 5.62500000e-01 0.00000000e+00 0.00000000e+00
 0.00000000e+00 5.00000000e-01 0.00000000e+00 0.00000000e+00
 0.00000000e+00 4.37500000e-01 0.00000000e+00 0.00000000e+00
 0.00000000e+00 3.75000000e-01 0.00000000e+00 0.00000000e+00
 0.00000000e+00 3.12500000e-01 0.00000000e+00 0.00000000e+00
 0.00000000e+00 2.50000000e-01 0.00000000e+00 0.00000000e+00
 0.00000000e+00 1.87500000e-01 0.00000000e+00 0.00000000e+00
 0.00000000e+00 1.25000000e-01 0.00000000e+00 0.00000000e+00
 0.00000000e+00 6.25000000e-02 0.00000000e+00 0.00000000e+00
 6.25000000e-02 0.00000000e+00 0.00000000e+00 0.00000000e+00
 1.25000000e-01 0.00000000e+00 0.00000000e+00 0.00000000e+00
 1.87500000e-01 0.00000000e+00 0.00000000e+00 0.00000000e+00
 2.50000000e-01 0.00000000e+00 0.00000000e+00 0.00000000e+00
 3.12500000e-01 0.00000000e+00 0.00000000e+00 0.00000000e+00
 3.75000000e-01 0.00000000e+00 0.00000000e+00 0.00000000e+00
 4.37500000e-01 0.00000000e+00 0.00000000e+00 0.00000000e+00
 5.00000000e-01 0.00000000e+00 0.00000000e+00 0.00000000e+00
 5.62500000e-01 0.00000000e+00 0.00000000e+00 0.00000000e+00
 6.25000000e-01 0.00000000e+00 0.00000000e+00 0.00000000e+00
 6.87500000e-01 0.00000000e+00 0.00000000e+00 0.00000000e+00
 7.50000000e-01 0.00000000e+00 0.00000000e+00 0.00000000e+00
 8.12500000e-01 0.00000000e+00 0.00000000e+00 0.00000000e+00
 8.75000000e-01 0.00000000e+00 0.00000000e+00 0.00000000e+00
 9.37500000e-01 0.00000000e+00 0.00000000e+00 0.00000000e+00
 1.00000000e+00 6.25000000e-02 0.00000000e+00 0.00000000e+00
 1.00000000e+00 1.25000000e-01 0.00000000e+00 0.00000000e+00
 1.00000000e+00 1.87500000e-01 0.00000000e+00 0.00000000e+00
 1.00000000e+00 2.50000000e-01 0.00000000e+00 0.00000000e+00
 1.00000000e+00 3.12500000e-01 0.00000000e+00 0.00000000e+00
 1.00000000e+00 3.75000000e-01 0.00000000e+00 0.00000000e+00
 1.00000000e+00 4.37500000e-01 0.00000000e+00 0.00000000e+00
 1.00000000e+00 5.00000000e-01 0.00000000e+00 0.00000000e+00
 1.00000000e+00 5.62500000e-01 0.00000000e+00 0.00000000e+00
 1.00000000e+00 6.25000000e-01 0.00000000e+00 0.00000000e+00
 1.00000000e+00 6.87500000e-01 0.00000000e+00 0.00000000e+00
 1.00000000e+00 7.50000000e-01 0.00000000e+00 0.00000000e+00
 1.00000000e+00 8.12500000e-01 0.00000000e+00 0.00000000e+00
 1.00000000e+00 8.75000000e-01 0.00000000e+00 0.00000000e+00
 1.00000000e+00 9.37500000e-01 0.00000000e+00 0.00000000e+00
 9.37500000e-01 1.00000000e+00 0.00000000e+00 0.00000000e+00
 8.75000000e-01 1.00000000e+00 0.00000000e+00 0.00000000e+00
 8.12500000e-01 1.00000000e+00 0.00000000e+00 0.00000000e+00
 7.50000000e-01 1.00000000e+00 0.00000000e+00 0.00000000e+00
 6.87500000e-01 1.00000000e+00 0.00000000e+00 0.00000000e+00
 6.25000000e-01 1.00000000e+00 0.00000000e+00 0.00000000e+00
 5.62500000e-01 1.00000000e+00 0.00000000e+00 0.00000000e+00
 5.00000000e-01 1.00000000e+00 0.00000000e+00 0.00000000e+00
 4.37500000e-01 1.00000000e+00 0.00000000e+00 0.00000000e+00
 3.75000000e-01 1.00000000e+00 0.00000000e+00 0.00000000e+00
 3.12500000e-01 1.00000000e+00 0.00000000e+00 0.00000000e+00
 2.50000000e-01 1.00000000e+00 0.00000000e+00 0.00000000e+00
 1.87500000e-01 1.00000000e+00 0.00000000e+00 0.00000000e+00
 1.25000000e-01 1.00000000e+00 0.00000000e+00 0.00000000e+00
 6.25000000e-02 1.00000000e+00 0.00000000e+00 0.00000000e+00
 5.00000000e-01 5.00000000e-01 -1.52707821e-02 8.32627561e-03
 7.50000000e-01 2.50000000e-01 -5.64443035e-01 -3.83687412e-01
 2.50000000e-01 2.50000000e-01 -5.16338070e-01 3.61686804e-01
 2.50000000e-01 7.50000000e-01 5.60450273e-01 3.94497994e-01
 7.50000000e-01 7.50000000e-01 5.28612126e-01 -3.84118493e-01
 3.75000000e-01 1.25000000e-01 -6.96415208e-01 1.07098401e-01
 1.25000000e-01 1.25000000e-01 -2.73322561e-01 1.55958055e-01
 6.25000000e-01 1.25000000e-01 -8.81746272e-01 5.91376638e-03
 5.00000000e-01 2.50000000e-01 -8.92619958e-01 1.35511237e-01
 8.75000000e-01 1.25000000e-01 -4.11660250e-01 -3.39657638e-01
 6.25000000e-01 3.75000000e-01 -4.05048595e-01 -2.95835012e-01
 3.75000000e-01 3.75000000e-01 -5.42443006e-01 4.54063677e-01
 1.25000000e-01 3.75000000e-01 -1.45910082e-01 7.51656156e-01
 2.50000000e-01 5.00000000e-01 -1.51049063e-01 7.63731731e-01
 1.25000000e-01 6.25000000e-01 3.72166919e-02 9.73677837e-01
 3.75000000e-01 6.25000000e-01 3.85425522e-01 3.12128628e-01
 1.25000000e-01 8.75000000e-01 4.12388052e-01 3.42338717e-01
 8.75000000e-01 3.75000000e-01 -4.10359091e-02 -9.76632787e-01
 8.75000000e-01 6.25000000e-01 1.47563301e-01 -7.69343127e-01
 7.50000000e-01 5.00000000e-01 1.35060967e-01 -7.69489048e-01
 8.75000000e-01 8.75000000e-01 2.75470964e-01 -1.61623760e-01
 6.25000000e-01 6.25000000e-01 5.27405990e-01 -4.50968218e-01
 6.25000000e-01 8.75000000e-01 7.22710990e-01 -1.10936681e-01
 3.75000000e-01 8.75000000e-01 8.97344421e-01 6.49751150e-04
 5.00000000e-01 7.50000000e-01 8.98498862e-01 -1.24089154e-01
 1.87500000e-01 6.25000000e-02 -3.27138123e-01 5.85821568e-03
 6.25000000e-02 6.25000000e-02 -1.41264164e-01 1.20357843e-01
 3.12500000e-01 6.25000000e-02 -4.06742444e-01 2.64506852e-02
 2.50000000e-01 1.25000000e-01 -5.04160876e-01 8.41099083e-02
 4.37500000e-01 6.25000000e-02 -5.18025716e-01 3.02411296e-02
 3.12500000e-01 1.87500000e-01 -6.70573806e-01 2.16341628e-01
 1.87500000e-01 1.87500000e-01 -3.83822583e-01 2.17031621e-01
 5.62500000e-01 6.25000000e-02 -6.03070242e-01 1.73447087e-02
 5.00000000e-01 1.25000000e-01 -8.44742455e-01 7.45053046e-02
 5.62500000e-01 1.87500000e-01 -9.45780055e-01 4.85615810e-02
 4.37500000e-01 1.87500000e-01 -8.82297702e-01 1.74122373e-01
 6.87500000e-01 1.87500000e-01 -8.37506304e-01 -1.19203545e-01
 6.25000000e-01 2.50000000e-01 -8.06511519e-01 -1.01089984e-01
 3.75000000e-01 2.50000000e-01 -7.87968108e-01 3.14860888e-01
 6.87500000e-01 6.25000000e-02 -6.17036531e-01 -7.08802985e-03
 8.12500000e-01 6.25000000e-02 -4.88169528e-01 -6.80642517e-02
 7.50000000e-01 1.25000000e-01 -7.66018196e-01 -1.16893033e-01
 9.37500000e-01 6.25000000e-02 -1.26571263e-01 -1.19634170e-01
 8.12500000e-01 1.87500000e-01 -5.63743533e-01 -4.07071056e-01
 4.37500000e-01 3.12500000e-01 -7.47241458e-01 2.76578350e-01
 3.12500000e-01 3.12500000e-01 -6.05594253e-01 4.83313850e-01
 5.62500000e-01 3.12500000e-01 -7.07418756e-01 -3.44363133e-02
 5.00000000e-01 3.75000000e-01 -5.37317016e-01 9.75185524e-02
 6.87500000e-01 3.12500000e-01 -5.09531514e-01 -3.58792971e-01
 5.62500000e-01 4.37500000e-01 -2.32386401e-01 -1.64568751e-01
 4.37500000e-01 4.37500000e-01 -3.22426123e-01 2.71423390e-01
 6.25000000e-02 1.87500000e-01 -7.38192148e-02 4.47651827e-01
 1.25000000e-01 2.50000000e-01 -1.88025442e-01 4.71036976e-01
 6.25000000e-02 3.12500000e-01 -4.61065890e-02 6.58689078e-01
 1.87500000e-01 3.12500000e-01 -3.16533634e-01 5.44175865e-01
 6.25000000e-02 4.37500000e-01 -3.53942221e-02 8.16222465e-01
 2.50000000e-01 3.75000000e-01 -3.94845433e-01 6.50555988e-01
 1.87500000e-01 4.37500000e-01 -2.14213310e-01 7.96147569e-01
 1.87500000e-01 5.62500000e-01 -3.42585620e-02 8.63123615e-01
 1.25000000e-01 5.00000000e-01 -8.50715280e-02 9.41488937e-01
 2.50000000e-01 6.25000000e-01 1.77555177e-01 6.55883542e-01
 1.87500000e-01 6.87500000e-01 2.38700578e-01 7.22424784e-01
 6.25000000e-02 5.62500000e-01 -1.10916024e-02 9.10728866e-01
 3.12500000e-01 4.37500000e-01 -3.27590053e-01 6.29983664e-01
 3.75000000e-01 5.00000000e-01 -1.05746517e-01 4.47700086e-01
 3.12500000e-01 5.62500000e-01 6.91975327e-02 5.82531133e-01
 4.37500000e-01 5.62500000e-01 2.04894932e-01 1.81234100e-01
 3.12500000e-01 6.87500000e-01 4.98967403e-01 3.73298455e-01
 6.25000000e-02 6.87500000e-01 4.47474314e-02 8.67408656e-01
 1.25000000e-01 7.50000000e-01 2.46621348e-01 7.78111126e-01
 6.25000000e-02 8.12500000e-01 1.30379437e-01 5.81020918e-01
 1.87500000e-01 8.12500000e-01 5.63352687e-01 4.13627223e-01
 6.25000000e-02 9.37500000e-01 1.26888005e-01 1.20066176e-01
 9.37500000e-01 1.87500000e-01 -1.31045273e-01 -5.80372858e-01
 9.37500000e-01 3.12500000e-01 -4.57856520e-02 -8.69718139e-01
 8.75000000e-01 2.50000000e-01 -2.49235241e-01 -7.75292763e-01
 9.37500000e-01 4.37500000e-01 1.05330478e-02 -9.16614119e-01
 8.12500000e-01 3.12500000e-01 -2.45289998e-01 -7.17452781e-01
 9.37500000e-01 5.62500000e-01 3.59135956e-02 -8.23684471e-01
 8.75000000e-01 5.00000000e-01 8.24489885e-02 -9.53423005e-01
 8.12500000e-01 5.62500000e-01 2.08772157e-01 -8.15022605e-01
 8.12500000e-01 4.37500000e-01 2.48238251e-02 -8.68248820e-01
 8.12500000e-01 6.87500000e-01 3.21471546e-01 -5.69482986e-01
 7.50000000e-01 6.25000000e-01 3.89999201e-01 -6.69815070e-01
 7.50000000e-01 3.75000000e-01 -1.91068544e-01 -6.49108082e-01
 9.37500000e-01 6.87500000e-01 4.77212493e-02 -6.63384628e-01
 9.37500000e-01 8.12500000e-01 7.48796451e-02 -4.47386579e-01
 8.75000000e-01 7.50000000e-01 1.92849931e-01 -4.85378303e-01
 9.37500000e-01 9.37500000e-01 1.39775926e-01 -1.19250199e-01
 8.12500000e-01 8.12500000e-01 3.93674180e-01 -2.34754565e-01
 6.87500000e-01 4.37500000e-01 -9.10015763e-02 -5.73939615e-01
 6.87500000e-01 5.62500000e-01 3.08843547e-01 -6.32453653e-01
 6.25000000e-01 5.00000000e-01 7.85976341e-02 -4.36837528e-01
 6.87500000e-01 6.87500000e-01 6.07237352e-01 -4.96074582e-01
 5.62500000e-01 5.62500000e-01 2.95803460e-01 -2.58032372e-01
 8.12500000e-01 9.37500000e-01 3.31429002e-01 -9.71895863e-03
 6.87500000e-01 9.37500000e-01 4.23057409e-01 -2.91200018e-02
 7.50000000e-01 8.75000000e-01 5.19835566e-01 -9.50415046e-02
 5.62500000e-01 9.37500000e-01 5.38936894e-01 -3.02428412e-02
 6.87500000e-01 8.12500000e-01 6.91790876e-01 -2.29165060e-01
 4.37500000e-01 9.37500000e-01 6.20318653e-01 -1.56067578e-02
 5.00000000e-01 8.75000000e-01 8.69402680e-01 -7.07879986e-02
 4.37500000e-01 8.12500000e-01 9.59855059e-01 -3.79607982e-02
 5.62500000e-01 8.12500000e-01 9.04190211e-01 -1.71991275e-01
 3.12500000e-01 8.12500000e-01 8.42511110e-01 1.30175157e-01
 3.75000000e-01 7.50000000e-01 8.06053000e-01 1.16471769e-01
 6.25000000e-01 7.50000000e-01 8.00209056e-01 -3.18950253e-01
 3.12500000e-01 9.37500000e-01 6.27148012e-01 9.17045294e-03
 1.87500000e-01 9.37500000e-01 4.91796364e-01 6.96185090e-02
 2.50000000e-01 8.75000000e-01 7.72242472e-01 1.22595974e-01
 5.62500000e-01 6.87500000e-01 7.41642655e-01 -2.68149947e-01
 4.37500000e-01 6.87500000e-01 6.97547067e-01 5.13146917e-02
 5.00000000e-01 6.25000000e-01 5.17266902e-01 -8.17883210e-02
 9.37500000e-02 3.12500000e-02 -1.71295118e-01 1.43274183e-02
 3.12500000e-02 3.12500000e-02 -5.15062945e-02 5.24938349e-02
 1.56250000e-01 3.12500000e-02 -2.06565999e-01 -2.01572130e-03
 1.25000000e-01 6.25000000e-02 -2.73678902e-01 3.12414030e-02
 2.18750000e-01 3.12500000e-02 -2.09106931e-01 1.35656799e-04
 1.56250000e-01 9.37500000e-02 -3.41549662e-01 4.71043099e-02
 9.37500000e-02 9.37500000e-02 -2.16100382e-01 1.49435657e-01
 2.81250000e-01 3.12500000e-02 -2.23003208e-01 5.39974940e-03
 2.50000000e-01 6.25000000e-02 -3.61560941e-01 1.59087483e-02
 2.81250000e-01 9.37500000e-02 -4.88310937e-01 5.08849884e-02
 2.18750000e-01 9.37500000e-02 -4.19587480e-01 3.50330655e-02
 3.43750000e-01 9.37500000e-02 -5.62825389e-01 6.26586534e-02
 3.12500000e-01 1.25000000e-01 -6.01205837e-01 1.00832857e-01
 1.87500000e-01 1.25000000e-01 -4.01284149e-01 8.07103252e-02
 3.43750000e-01 3.12500000e-02 -2.49539878e-01 7.94830755e-03
 4.06250000e-01 3.12500000e-02 -2.81765066e-01 8.65059962e-03
 3.75000000e-01 6.25000000e-02 -4.61681698e-01 3.11594862e-02
 4.68750000e-01 3.12500000e-02 -3.13582131e-01 7.92361300e-03
 4.06250000e-01 9.37500000e-02 -6.39025133e-01 6.41647082e-02
 2.18750000e-01 1.56250000e-01 -4.63986793e-01 1.35645168e-01
 1.56250000e-01 1.56250000e-01 -3.26226673e-01 1.73677346e-01
 2.81250000e-01 1.56250000e-01 -5.87919146e-01 1.47342803e-01
 2.50000000e-01 1.87500000e-01 -5.32960451e-01 2.06538512e-01
 3.43750000e-01 1.56250000e-01 -7.03818213e-01 1.57685660e-01
 2.81250000e-01 2.18750000e-01 -6.04913489e-01 2.84122439e-01
 2.18750000e-01 2.18750000e-01 -4.48650588e-01 2.83306940e-01
 5.31250000e-01 3.12500000e-02 -3.40511362e-01 6.26946541e-03
 5.00000000e-01 6.25000000e-02 -5.67184086e-01 2.51166119e-02
 5.31250000e-01 9.37500000e-02 -7.57114949e-01 4.07059769e-02
 4.68750000e-01 9.37500000e-02 -7.06799309e-01 5.58185666e-02
 5.93750000e-01 9.37500000e-02 -7.84131018e-01 2.11644439e-02
 5.62500000e-01 1.25000000e-01 -8.79669394e-01 4.34717716e-02
 4.37500000e-01 1.25000000e-01 -7.81162682e-01 9.73410899e-02
 5.93750000e-01 1.56250000e-01 -9.31459180e-01 2.30004492e-02
 5.31250000e-01 1.56250000e-01 -9.26205231e-01 7.51558731e-02
 5.00000000e-01 1.87500000e-01 -9.35457746e-01 1.17501641e-01
 4.68750000e-01 1.56250000e-01 -8.82911555e-01 1.18935828e-01
 5.31250000e-01 2.18750000e-01 -9.31874625e-01 8.52738848e-02
 4.68750000e-01 2.18750000e-01 -9.13649911e-01 1.71792931e-01
 4.06250000e-01 1.56250000e-01 -8.05884762e-01 1.48654838e-01
 6.56250000e-01 1.56250000e-01 -8.97007699e-01 -3.86853649e-02
 6.25000000e-01 1.87500000e-01 -9.12581947e-01 -2.83613935e-02
 6.56250000e-01 2.18750000e-01 -8.30453511e-01 -1.13606969e-01
 5.93750000e-01 2.18750000e-01 -9.03280815e-01 -1.01851019e-02
 7.18750000e-01 2.18750000e-01 -7.18812120e-01 -2.35847102e-01
 6.87500000e-01 2.50000000e-01 -6.99881375e-01 -2.30303596e-01
 5.62500000e-01 2.50000000e-01 -8.72621555e-01 1.99953515e-02
 3.75000000e-01 1.87500000e-01 -7.90852368e-01 2.08935090e-01
 4.06250000e-01 2.18750000e-01 -8.49084115e-01 2.39753866e-01
 3.43750000e-01 2.18750000e-01 -7.42737481e-01 2.77638247e-01
 4.37500000e-01 2.50000000e-01 -8.64366309e-01 2.38241529e-01
 3.12500000e-01 2.50000000e-01 -6.67943026e-01 3.53629566e-01
 5.93750000e-01 3.12500000e-02 -3.59736133e-01 4.04579893e-03
 6.56250000e-01 3.12500000e-02 -3.68752425e-01 1.02901392e-03
 6.25000000e-01 6.25000000e-02 -6.21488498e-01 7.33581135e-03
 7.18750000e-01 3.12500000e-02 -3.62681568e-01 -3.91111328e-03
 6.56250000e-01 9.37500000e-02 -7.83157650e-01 -4.09122417e-03
 7.81250000e-01 3.12500000e-02 -3.31230969e-01 -1.24485980e-02
 7.50000000e-01 6.25000000e-02 -5.78613128e-01 -3.07025008e-02
 7.81250000e-01 9.37500000e-02 -6.58229719e-01 -1.00653822e-01
 7.18750000e-01 9.37500000e-02 -7.46168907e-01 -4.15391724e-02
 8.43750000e-01 9.37500000e-02 -4.99225304e-01 -1.79597548e-01
 8.12500000e-01 1.25000000e-01 -6.23804587e-01 -2.22698158e-01
 6.87500000e-01 1.25000000e-01 -8.46707072e-01 -4.34255333e-02
 8.43750000e-01 3.12500000e-02 -2.60219461e-01 -2.54090678e-02
 9.06250000e-01 3.12500000e-02 -1.42595468e-01 -3.60173206e-02
 8.75000000e-01 6.25000000e-02 -3.28763738e-01 -1.10345200e-01
 9.68750000e-01 3.12500000e-02 -2.41655873e-02 -2.44904266e-02
 9.06250000e-01 9.37500000e-02 -2.72515082e-01 -2.41308218e-01
 7.18750000e-01 1.56250000e-01 -8.20649457e-01 -1.21032783e-01
 7.81250000e-01 1.56250000e-01 -6.95037434e-01 -2.39456179e-01
 7.50000000e-01 1.87500000e-01 -7.21509858e-01 -2.40262693e-01
 8.43750000e-01 1.56250000e-01 -5.11772523e-01 -3.93434441e-01
 7.81250000e-01 2.18750000e-01 -5.76044885e-01 -3.98031949e-01
 3.43750000e-01 2.81250000e-01 -7.04403183e-01 3.97100735e-01
 2.81250000e-01 2.81250000e-01 -5.74396343e-01 4.35128368e-01
 4.06250000e-01 2.81250000e-01 -7.91355571e-01 3.15666479e-01
 3.75000000e-01 3.12500000e-01 -6.99771061e-01 4.01236371e-01
 4.68750000e-01 2.81250000e-01 -8.29987085e-01 1.99785878e-01
 4.06250000e-01 3.43750000e-01 -6.49337249e-01 3.62783734e-01
 3.43750000e-01 3.43750000e-01 -5.96319260e-01 4.91006431e-01
 5.31250000e-01 2.81250000e-01 -8.20907505e-01 6.53895767e-02
 5.00000000e-01 3.12500000e-01 -7.48925760e-01 1.26551761e-01
 5.31250000e-01 3.43750000e-01 -6.30306019e-01 2.42326124e-02
 4.68750000e-01 3.43750000e-01 -6.59540769e-01 2.01491283e-01
 5.93750000e-01 3.43750000e-01 -5.64320563e-01 -1.57530089e-01
 5.62500000e-01 3.75000000e-01 -4.85469929e-01 -9.99467660e-02
 4.37500000e-01 3.75000000e-01 -5.57442937e-01 2.86730549e-01
 5.93750000e-01 2.81250000e-01 -7.66104942e-01 -7.60360281e-02
 6.56250000e-01 2.81250000e-01 -6.69424646e-01 -2.19843034e-01
 6.25000000e-01 3.12500000e-01 -6.25374800e-01 -1.97268555e-01
 7.18750000e-01 2.81250000e-01 -5.41223054e-01 -3.71811803e-01
 6.56250000e-01 3.43750000e-01 -4.65634670e-01 -3.35701550e-01
 4.68750000e-01 4.06250000e-01 -4.32919014e-01 1.81473862e-01
 4.06250000e-01 4.06250000e-01 -4.48301605e-01 3.77746473e-01
 5.31250000e-01 4.06250000e-01 -3.91199415e-01 -2.73049335e-02
 5.00000000e-01 4.37500000e-01 -2.85870109e-01 5.60092712e-02
 5.93750000e-01 4.06250000e-01 -3.26539570e-01 -2.37838017e-01
 5.31250000e-01 4.68750000e-01 -1.26928052e-01 -8.08085462e-02
 4.68750000e-01 4.68750000e-01 -1.74626337e-01 1.45070338e-01
 3.12500000e-02 9.37500000e-02 -3.95770815e-02 2.02627750e-01
 6.25000000e-02 1.25000000e-01 -1.07125485e-01 2.98216837e-01
 3.12500000e-02 1.56250000e-01 -2.61126132e-02 3.23523768e-01
 9.37500000e-02 1.56250000e-01 -1.68208083e-01 3.15030082e-01
 3.12500000e-02 2.18750000e-01 -1.67114586e-02 4.02840701e-01
 1.25000000e-01 1.87500000e-01 -2.25362805e-01 3.12950733e-01
 9.37500000e-02 2.18750000e-01 -1.28309451e-01 4.69632590e-01
 9.37500000e-02 2.81250000e-01 -1.05882144e-01 6.05207718e-01
 6.25000000e-02 2.50000000e-01 -5.49214150e-02 5.63174280e-01
 1.25000000e-01 3.12500000e-01 -1.64949822e-01 6.18977083e-01
 9.37500000e-02 3.43750000e-01 -9.34277994e-02 7.26003831e-01
 3.12500000e-02 2.81250000e-01 -1.28103626e-02 4.60017083e-01
 1.56250000e-01 2.18750000e-01 -2.85325894e-01 3.31540047e-01
 1.87500000e-01 2.50000000e-01 -3.50537290e-01 3.80160332e-01
 1.56250000e-01 2.81250000e-01 -2.52514883e-01 4.94286470e-01
 2.18750000e-01 2.81250000e-01 -4.16561057e-01 4.49180653e-01
 1.56250000e-01 3.43750000e-01 -2.24834499e-01 6.46467527e-01
 3.12500000e-02 3.43750000e-01 -1.11250712e-02 5.07182285e-01
 6.25000000e-02 3.75000000e-01 -4.11317135e-02 7.42692132e-01
 3.12500000e-02 4.06250000e-01 -9.98339114e-03 5.49053484e-01
 9.37500000e-02 4.06250000e-01 -8.20114619e-02 8.32559118e-01
 3.12500000e-02 4.68750000e-01 -8.20937782e-03 5.85148160e-01
 2.50000000e-01 3.12500000e-01 -4.71539393e-01 5.19738122e-01
 2.18750000e-01 3.43750000e-01 -3.68829833e-01 6.04203516e-01
 2.18750000e-01 4.06250000e-01 -2.98307381e-01 7.25373223e-01
 1.87500000e-01 3.75000000e-01 -2.73931604e-01 6.88511031e-01
 2.50000000e-01 4.37500000e-01 -2.86197907e-01 7.34923559e-01
 2.18750000e-01 4.68750000e-01 -2.03158307e-01 7.97403318e-01
 1.56250000e-01 4.06250000e-01 -1.90989874e-01 7.75157446e-01
 2.18750000e-01 5.31250000e-01 -8.57504233e-02 8.13628894e-01
 1.87500000e-01 5.00000000e-01 -1.34557236e-01 8.56016904e-01
 1.56250000e-01 5.31250000e-01 -7.85835040e-02 9.19089716e-01
 1.56250000e-01 4.68750000e-01 -1.43414510e-01 8.68899777e-01
 1.56250000e-01 5.93750000e-01 6.73775223e-03 9.20237910e-01
 1.25000000e-01 5.62500000e-01 -3.37364223e-02 9.81537701e-01
 1.25000000e-01 4.37500000e-01 -1.21207588e-01 8.62026584e-01
 2.50000000e-01 5.62500000e-01 4.62553403e-03 7.35628628e-01
 2.18750000e-01 5.93750000e-01 5.22700251e-02 7.74115600e-01
 2.18750000e-01 6.56250000e-01 2.12099664e-01 6.85190881e-01
 1.87500000e-01 6.25000000e-01 8.90526383e-02 8.17341668e-01
 2.50000000e-01 6.87500000e-01 3.65804183e-01 5.35786401e-01
 2.18750000e-01 7.18750000e-01 3.92228346e-01 5.57243372e-01
 1.56250000e-01 6.56250000e-01 1.17107296e-01 8.68755595e-01
 9.37500000e-02 4.68750000e-01 -6.54465097e-02 9.20181435e-01
 9.37500000e-02 5.31250000e-01 -3.99500123e-02 9.80908314e-01
 6.25000000e-02 5.00000000e-01 -2.60629358e-02 8.74865100e-01
 9.37500000e-02 5.93750000e-01 -2.14649146e-03 1.00480722e+00
 3.12500000e-02 5.31250000e-01 -5.09840483e-03 6.11713673e-01
 2.81250000e-01 3.43750000e-01 -4.99598476e-01 5.69236462e-01
 3.12500000e-01 3.75000000e-01 -4.88113047e-01 5.79772885e-01
 2.81250000e-01 4.06250000e-01 -3.82620400e-01 6.62446773e-01
 3.43750000e-01 4.06250000e-01 -4.32988436e-01 5.44933464e-01
 2.81250000e-01 4.68750000e-01 -2.32152095e-01 7.03688847e-01
 3.75000000e-01 4.37500000e-01 -3.38078042e-01 4.69057341e-01
 3.43750000e-01 4.68750000e-01 -2.32751043e-01 5.55252232e-01
 3.43750000e-01 5.31250000e-01 -1.06547464e-02 5.22861583e-01
 3.12500000e-01 5.00000000e-01 -1.37968058e-01 6.30341348e-01
 3.75000000e-01 5.62500000e-01 1.39921020e-01 3.93313208e-01
 3.43750000e-01 5.93750000e-01 2.21092951e-01 4.52018716e-01
 2.81250000e-01 5.31250000e-01 -5.82002064e-02 6.90248451e-01
 4.06250000e-01 4.68750000e-01 -2.11502595e-01 3.61930113e-01
 4.37500000e-01 5.00000000e-01 -6.29918397e-02 2.34495618e-01
 4.06250000e-01 5.31250000e-01 4.36782796e-02 3.19113824e-01
 4.68750000e-01 5.31250000e-01 9.71684108e-02 9.74709850e-02
 4.06250000e-01 5.93750000e-01 3.02559466e-01 2.54421201e-01
 2.81250000e-01 5.93750000e-01 1.31475296e-01 6.25268295e-01
 3.12500000e-01 6.25000000e-01 2.84551902e-01 4.92614600e-01
 2.81250000e-01 6.56250000e-01 3.31278722e-01 5.17643099e-01
 3.43750000e-01 6.56250000e-01 4.50677869e-01 3.51350076e-01
 2.81250000e-01 7.18750000e-01 5.34351714e-01 3.84646277e-01
 3.12500000e-02 5.93750000e-01 1.85650301e-05 6.22599003e-01
 6.25000000e-02 6.25000000e-01 1.17859399e-02 9.12937405e-01
 3.12500000e-02 6.56250000e-01 7.94384319e-03 6.09065495e-01
 9.37500000e-02 6.56250000e-01 5.18562248e-02 9.79642379e-01
 3.12500000e-02 7.18750000e-01 1.92124506e-02 5.59999343e-01
 1.25000000e-01 6.87500000e-01 1.31814880e-01 9.08662952e-01
 9.37500000e-02 7.18750000e-01 1.23612259e-01 8.91393608e-01
 9.37500000e-02 7.81250000e-01 2.05331113e-01 7.29620907e-01
 6.25000000e-02 7.50000000e-01 8.70149197e-02 7.59123083e-01
 1.25000000e-01 8.12500000e-01 3.56828269e-01 5.80824286e-01
 9.37500000e-02 8.43750000e-01 2.69825170e-01 4.99235787e-01
 3.12500000e-02 7.81250000e-01 3.27758172e-02 4.65002164e-01
 1.56250000e-01 7.18750000e-01 2.53938515e-01 7.62269594e-01
 1.87500000e-01 7.50000000e-01 4.07836688e-01 5.83575440e-01
 1.56250000e-01 7.81250000e-01 4.00877562e-01 6.00357276e-01
 2.18750000e-01 7.81250000e-01 5.74193963e-01 4.06712596e-01
 1.56250000e-01 8.43750000e-01 5.12204724e-01 3.97932453e-01
 3.12500000e-02 8.43750000e-01 4.46395163e-02 3.23561001e-01
 6.25000000e-02 8.75000000e-01 1.53431216e-01 3.48128957e-01
 3.12500000e-02 9.06250000e-01 4.58092664e-02 1.56013207e-01
 9.37500000e-02 9.06250000e-01 2.73144976e-01 2.42606800e-01
 3.12500000e-02 9.68750000e-01 2.42144612e-02 2.45397458e-02
 9.68750000e-01 9.37500000e-02 -4.57679156e-02 -1.55708392e-01
 9.68750000e-01 1.56250000e-01 -4.47900709e-02 -3.23374143e-01
 9.37500000e-01 1.25000000e-01 -1.53470573e-01 -3.47187277e-01
 9.68750000e-01 2.18750000e-01 -3.30782457e-02 -4.65591326e-01
 9.06250000e-01 1.56250000e-01 -2.70222878e-01 -4.97224685e-01
 9.68750000e-01 2.81250000e-01 -1.95305859e-02 -5.61709503e-01
 9.37500000e-01 2.50000000e-01 -8.80365955e-02 -7.59689186e-01
 9.06250000e-01 2.81250000e-01 -1.25646477e-01 -8.91404299e-01
 9.06250000e-01 2.18750000e-01 -2.06809127e-01 -7.28025976e-01
 9.06250000e-01 3.43750000e-01 -5.39877190e-02 -9.82112039e-01
 8.75000000e-01 3.12500000e-01 -1.35303613e-01 -9.08094268e-01
 8.75000000e-01 1.87500000e-01 -3.57904075e-01 -5.77316384e-01
 9.68750000e-01 3.43750000e-01 -8.19435487e-03 -6.11857552e-01
 9.68750000e-01 4.06250000e-01 -1.66322158e-04 -6.26220675e-01
 9.37500000e-01 3.75000000e-01 -1.26489403e-02 -9.17117537e-01
 9.68750000e-01 4.68750000e-01 5.08101499e-03 -6.15783765e-01
 9.06250000e-01 4.06250000e-01 2.31752251e-04 -1.01022438e+00
 8.43750000e-01 2.18750000e-01 -4.03038704e-01 -5.95144126e-01
 8.43750000e-01 2.81250000e-01 -2.58195731e-01 -7.58291327e-01
 8.12500000e-01 2.50000000e-01 -4.11645092e-01 -5.76674578e-01
 8.43750000e-01 3.43750000e-01 -1.22730588e-01 -8.67925031e-01
 7.81250000e-01 2.81250000e-01 -3.98354789e-01 -5.48708156e-01
 9.68750000e-01 5.31250000e-01 8.35772342e-03 -5.89144069e-01
 9.37500000e-01 5.00000000e-01 2.59636301e-02 -8.81972553e-01
 9.06250000e-01 5.31250000e-01 6.50894369e-02 -9.31051049e-01
 9.06250000e-01 4.68750000e-01 3.85956365e-02 -9.89327199e-01
 9.06250000e-01 5.93750000e-01 8.30072764e-02 -8.44623223e-01
 8.75000000e-01 5.62500000e-01 1.20445050e-01 -8.77755144e-01
 8.75000000e-01 4.37500000e-01 3.01343755e-02 -9.88888244e-01
 8.43750000e-01 5.93750000e-01 1.90008677e-01 -7.95688542e-01
 8.43750000e-01 5.31250000e-01 1.39254070e-01 -8.84729752e-01
 8.12500000e-01 5.00000000e-01 1.26007938e-01 -8.68157237e-01
 8.43750000e-01 4.68750000e-01 7.26553672e-02 -9.28949234e-01
 7.81250000e-01 5.31250000e-01 1.92309998e-01 -8.10763704e-01
 7.81250000e-01 4.68750000e-01 7.28674357e-02 -8.19501349e-01
 8.43750000e-01 4.06250000e-01 -1.30179387e-02 -9.24207588e-01
 8.43750000e-01 6.56250000e-01 2.27664915e-01 -6.69119611e-01
 8.12500000e-01 6.25000000e-01 2.73463657e-01 -7.12245961e-01
 7.81250000e-01 6.56250000e-01 3.70076527e-01 -6.28704696e-01
 7.81250000e-01 5.93750000e-01 2.92478262e-01 -7.45490512e-01
 7.81250000e-01 7.18750000e-01 4.24690997e-01 -4.74268734e-01
 7.50000000e-01 6.87500000e-01 4.75842365e-01 -5.42555646e-01
 7.50000000e-01 5.62500000e-01 2.74030549e-01 -7.47956086e-01
 8.12500000e-01 3.75000000e-01 -9.76128137e-02 -8.16486464e-01
 7.81250000e-01 4.06250000e-01 -6.44697542e-02 -7.73210408e-01
 7.81250000e-01 3.43750000e-01 -2.21792978e-01 -6.79299345e-01
 7.50000000e-01 4.37500000e-01 -2.07876504e-02 -7.34409089e-01
 7.50000000e-01 3.12500000e-01 -3.74987228e-01 -5.25676971e-01
 9.68750000e-01 5.93750000e-01 1.03172856e-02 -5.52317146e-01
 9.68750000e-01 6.56250000e-01 1.16085378e-02 -5.09053968e-01
 9.37500000e-01 6.25000000e-01 4.23043749e-02 -7.49339445e-01
 9.68750000e-01 7.18750000e-01 1.33351919e-02 -4.60088561e-01
 9.06250000e-01 6.56250000e-01 9.57470837e-02 -7.37518656e-01
 9.68750000e-01 7.81250000e-01 1.71281858e-02 -4.01184671e-01
 9.37500000e-01 7.50000000e-01 5.65318238e-02 -5.65284103e-01
 9.06250000e-01 7.81250000e-01 1.31145350e-01 -4.75744296e-01
 9.06250000e-01 7.18750000e-01 1.08945597e-01 -6.14498780e-01
 9.06250000e-01 8.43750000e-01 1.69754056e-01 -3.18047700e-01
 8.75000000e-01 8.12500000e-01 2.29585295e-01 -3.23071045e-01
 8.75000000e-01 6.87500000e-01 1.68763085e-01 -6.36145016e-01
 9.68750000e-01 8.43750000e-01 2.62447774e-02 -3.20805343e-01
 9.68750000e-01 9.06250000e-01 3.92820812e-02 -2.00147833e-01
 9.37500000e-01 8.75000000e-01 1.07081726e-01 -2.96694735e-01
 9.68750000e-01 9.68750000e-01 5.06965829e-02 -5.16793049e-02
 9.06250000e-01 9.06250000e-01 2.15525856e-01 -1.50357745e-01
 8.43750000e-01 7.18750000e-01 2.58423426e-01 -5.15815573e-01
 8.43750000e-01 7.81250000e-01 2.92385056e-01 -3.49087249e-01
 8.12500000e-01 7.50000000e-01 3.59322451e-01 -4.03198617e-01
 8.43750000e-01 8.43750000e-01 3.32235418e-01 -1.85590492e-01
 7.81250000e-01 7.81250000e-01 4.61038009e-01 -3.04924710e-01
 7.18750000e-01 3.43750000e-01 -3.44272697e-01 -5.06157950e-01
 7.18750000e-01 4.06250000e-01 -1.49215079e-01 -6.17623889e-01
 6.87500000e-01 3.75000000e-01 -3.01895719e-01 -4.80055183e-01
 7.18750000e-01 4.68750000e-01 3.83698287e-02 -6.88237090e-01
 6.56250000e-01 4.06250000e-01 -2.42822124e-01 -4.38634317e-01
 7.18750000e-01 5.31250000e-01 2.14055186e-01 -7.08264018e-01
 6.87500000e-01 5.00000000e-01 1.15397572e-01 -6.26988921e-01
 6.56250000e-01 5.31250000e-01 2.08822221e-01 -5.50132045e-01
 6.56250000e-01 4.68750000e-01 -1.44399929e-02 -5.13188738e-01
 6.56250000e-01 5.93750000e-01 4.15258491e-01 -5.44719161e-01
 6.25000000e-01 5.62500000e-01 3.14402827e-01 -4.61936563e-01
 6.25000000e-01 4.37500000e-01 -1.65476092e-01 -3.79252723e-01
 7.18750000e-01 5.93750000e-01 3.70588677e-01 -6.73613634e-01
 7.18750000e-01 6.56250000e-01 4.97267281e-01 -5.85804271e-01
 6.87500000e-01 6.25000000e-01 4.77860661e-01 -5.87927466e-01
 7.18750000e-01 7.18750000e-01 5.82971429e-01 -4.54456137e-01
 6.56250000e-01 6.56250000e-01 5.89464716e-01 -4.95608109e-01
 5.93750000e-01 4.68750000e-01 -7.20074593e-02 -3.04451578e-01
 5.93750000e-01 5.31250000e-01 1.83808337e-01 -3.49813796e-01
 5.62500000e-01 5.00000000e-01 3.32704073e-02 -2.19248901e-01
 5.93750000e-01 5.93750000e-01 4.26543654e-01 -3.68568785e-01
 5.31250000e-01 5.31250000e-01 1.45067445e-01 -1.29226390e-01
 9.06250000e-01 9.68750000e-01 1.69405761e-01 -1.45147399e-02
 8.43750000e-01 9.68750000e-01 2.06681936e-01 1.05019978e-03
 8.75000000e-01 9.37500000e-01 2.73063242e-01 -3.31820068e-02
 7.81250000e-01 9.68750000e-01 2.13303526e-01 -1.36393973e-03
 8.43750000e-01 9.06250000e-01 3.44693382e-01 -5.29884446e-02
 7.18750000e-01 9.68750000e-01 2.31229200e-01 -6.34639889e-03
 7.50000000e-01 9.37500000e-01 3.72322021e-01 -1.96822964e-02
 7.18750000e-01 9.06250000e-01 5.05595089e-01 -5.72325306e-02
 7.81250000e-01 9.06250000e-01 4.29650701e-01 -4.26290991e-02
 6.56250000e-01 9.06250000e-01 5.85543235e-01 -6.66163622e-02
 6.87500000e-01 8.75000000e-01 6.23544609e-01 -1.08856313e-01
 8.12500000e-01 8.75000000e-01 4.09378757e-01 -9.15130922e-02
 6.56250000e-01 9.68750000e-01 2.60617683e-01 -8.51401992e-03
 5.93750000e-01 9.68750000e-01 2.94273201e-01 -8.83361718e-03
 6.25000000e-01 9.37500000e-01 4.81493895e-01 -3.24901278e-02
 5.31250000e-01 9.68750000e-01 3.26130465e-01 -7.76542454e-03
 5.93750000e-01 9.06250000e-01 6.64328198e-01 -6.53696276e-02
 7.81250000e-01 8.43750000e-01 4.76865660e-01 -1.50804716e-01
 7.18750000e-01 8.43750000e-01 6.07758498e-01 -1.60339293e-01
 7.50000000e-01 8.12500000e-01 5.49199283e-01 -2.24431099e-01
 6.56250000e-01 8.43750000e-01 7.28471490e-01 -1.65538251e-01
 7.18750000e-01 7.81250000e-01 6.21725836e-01 -3.02093402e-01
 4.68750000e-01 9.68750000e-01 3.51981681e-01 -5.86603848e-03
 5.00000000e-01 9.37500000e-01 5.87033980e-01 -2.40542383e-02
 4.68750000e-01 9.06250000e-01 7.79409170e-01 -3.77237136e-02
 5.31250000e-01 9.06250000e-01 7.31746766e-01 -5.45730474e-02
 4.06250000e-01 9.06250000e-01 8.02381990e-01 -1.72464480e-02
 4.37500000e-01 8.75000000e-01 9.00226089e-01 -3.77330096e-02
 5.62500000e-01 8.75000000e-01 8.08067831e-01 -9.69353084e-02
 4.06250000e-01 8.43750000e-01 9.47204765e-01 -1.41675949e-02
 4.68750000e-01 8.43750000e-01 9.46826918e-01 -6.80862118e-02
 5.00000000e-01 8.12500000e-01 9.53984688e-01 -1.09964094e-01
 5.31250000e-01 8.43750000e-01 9.07339199e-01 -1.15418016e-01
 4.68750000e-01 7.81250000e-01 9.42559424e-01 -7.37521976e-02
 5.31250000e-01 7.81250000e-01 9.28219951e-01 -1.64878239e-01
 5.93750000e-01 8.43750000e-01 8.31990394e-01 -1.50411043e-01
 3.43750000e-01 8.43750000e-01 9.07689541e-01 4.78040885e-02
 3.75000000e-01 8.12500000e-01 9.21927083e-01 3.99643038e-02
 3.43750000e-01 7.81250000e-01 8.33270689e-01 1.27048446e-01
 4.06250000e-01 7.81250000e-01 9.09885929e-01 2.37383717e-02
 2.81250000e-01 7.81250000e-01 7.18666244e-01 2.47490167e-01
 3.12500000e-01 7.50000000e-01 6.97104873e-01 2.44244705e-01
 4.37500000e-01 7.50000000e-01 8.75156471e-01 -5.32671692e-03
 6.25000000e-01 8.12500000e-01 8.13969870e-01 -2.14161036e-01
 5.93750000e-01 7.81250000e-01 8.66669300e-01 -2.40222649e-01
 6.56250000e-01 7.81250000e-01 7.61403065e-01 -2.87347543e-01
 5.62500000e-01 7.50000000e-01 8.73672795e-01 -2.33065118e-01
 6.87500000e-01 7.50000000e-01 6.81481762e-01 -3.68259726e-01
 4.06250000e-01 9.68750000e-01 3.69407828e-01 -3.50533701e-03
 3.43750000e-01 9.68750000e-01 3.76283954e-01 -4.39225609e-04
 3.75000000e-01 9.37500000e-01 6.35293941e-01 -5.28703250e-03
 2.81250000e-01 9.68750000e-01 3.68019902e-01 4.48746947e-03
 3.43750000e-01 9.06250000e-01 7.96820007e-01 8.28235497e-03
 2.18750000e-01 9.68750000e-01 3.34540457e-01 1.29592664e-02
 2.50000000e-01 9.37500000e-01 5.85218617e-01 3.26140431e-02
 2.18750000e-01 9.06250000e-01 6.63535099e-01 1.04040407e-01
 2.81250000e-01 9.06250000e-01 7.55357775e-01 4.55172538e-02
 1.56250000e-01 9.06250000e-01 5.01597779e-01 1.82057017e-01
 1.87500000e-01 8.75000000e-01 6.26655526e-01 2.27114747e-01
 3.12500000e-01 8.75000000e-01 8.57321911e-01 4.98943302e-02
 1.56250000e-01 9.68750000e-01 2.61865305e-01 2.57972134e-02
 9.37500000e-02 9.68750000e-01 1.43130160e-01 3.62373234e-02
 1.25000000e-01 9.37500000e-01 3.30235461e-01 1.11369481e-01
 2.81250000e-01 8.43750000e-01 8.26792051e-01 1.29336336e-01
 2.18750000e-01 8.43750000e-01 6.97690686e-01 2.46172065e-01
 2.50000000e-01 8.12500000e-01 7.23167874e-01 2.49433364e-01
 6.56250000e-01 7.18750000e-01 7.11067715e-01 -4.05452426e-01
 5.93750000e-01 7.18750000e-01 7.94836985e-01 -3.13175831e-01
 6.25000000e-01 6.87500000e-01 6.97638094e-01 -4.02121642e-01
 5.31250000e-01 7.18750000e-01 8.30201828e-01 -1.89456876e-01
 5.93750000e-01 6.56250000e-01 6.38464651e-01 -3.56843842e-01
 4.68750000e-01 7.18750000e-01 8.18332421e-01 -5.05394826e-02
 5.00000000e-01 6.87500000e-01 7.40743855e-01 -1.12360076e-01
 4.68750000e-01 6.56250000e-01 6.15141557e-01 -7.68977081e-03
 5.31250000e-01 6.56250000e-01 6.45913218e-01 -1.88597751e-01
 4.06250000e-01 6.56250000e-01 5.48697272e-01 1.74922929e-01
 4.37500000e-01 6.25000000e-01 4.64990493e-01 1.17302535e-01
 5.62500000e-01 6.25000000e-01 5.39131750e-01 -2.75561910e-01
 4.06250000e-01 7.18750000e-01 7.61317070e-01 9.25743430e-02
 3.43750000e-01 7.18750000e-01 6.63109850e-01 2.35610981e-01
 3.75000000e-01 6.87500000e-01 6.14660848e-01 2.14183639e-01
 5.31250000e-01 5.93750000e-01 4.08918291e-01 -1.66836908e-01
 4.68750000e-01 5.93750000e-01 3.66494529e-01 4.42905779e-02
 5.00000000e-01 5.62500000e-01 2.58033173e-01 -3.95627496e-02
